58 130
14 30
2 26
48 30
40 29
54 48
2 36
2 0
52 8
26 48
42 34
2 54
21 43
2 40
34 4
0 32
52 9
10 57
11 38
18 34
3 2
29 25
27 42
49 28
10 24
36 27
13 34
55 50
2 34
15 2
30 14
0 28
11 12
36 35
20 22
0 46
19 30
45 39
20 2
14 26
48 56
10 14
42 55
1 0
40 30
26 39
0 40
23 15
8 10
41 18
56 46
18 0
20 47
28 29
28 14
28 4
15 41
37 20
22 43
48 0
34 48
22 45
16 16
48 38
8 32
51 32
6 4
33 4
13 52
30 1
2 19
36 0
26 29
27 30
44 32
45 2
51 30
36 56
46 33
6 52
12 17
29 36
40 1
21 45
40 36
26 28
28 2
41 20
3 40
10 50
22 2
44 6
36 2
37 24
7 56
0 17
36 31
24 48
36 20
52 28
34 57
41 41
57 50
56 50
56 53
36 34
34 8
26 30
8 11
36 3
38 54
20 14
0 8
52 18
22 52
26 31
44 18
37 37
48 36
41 36
37 26
0 16
2 44
16 7
52 19
22 24
4 40
20 36
19 15
3 42
20 46
54 14
0 44
52 40
29 0
14 0
0 48
8 24
32 52
33 40
36 24
16 42
53 10
42 0
10 4
22 10
56 28
2 52
17 48
26 57
10 2
46 48
14 11
38 0
54 28
19 6

