757148 167851001
714116 209734
318157 614384
470525 148184
225463 170167
5184 587706
710459 45770
8042 166582
496540 577812
51849 303871
226434 69498
694589 463491
539674 577764
210236 380452
79002 474036
383670 243164
477796 86946
118236 14632
690454 165942
40264 122460
370472 522848
472547 633159
203056 287917
457434 499637
216848 560276
366096 191097
498134 66398
48388 298438
394168 136681
559332 59010
597006 586952
204726 566821
443159 644105
249300 685796
626634 654888
448315 739677
105947 603932
151459 211716
498554 705180
115276 397565
540304 226676
745136 341900
210639 636680
217418 278808
577992 173824
88264 329352
286112 37116
478728 56056
614056 713376
355740 328818
444984 272176
347963 180334
231492 189471
429042 124140
430746 341250
409432 52356
295522 334847
697626 674044

