757148 3217535819001
330736 251888
334821 284511
387912 661841
250660 233526
44676 676790
557407 555608
442113 484365
743224 395984
715743 748037
169108 741545
188588 345654
641142 364378
125124 709204
111153 129597
530496 342108
713397 100786
310725 284039
56982 17362
419140 198708
118342 499900
51674 609315
386092 735648
110645 632189
692658 262820
6404 528997
444598 441762
540076 559728
508168 453906
14325 202860
496072 717626
351730 342202
226112 497044
696290 17073
375700 37854
176380 587981
553450 538184
311012 95901
68428 606010

