2504716 11035833522496
755324 2267244
783368 801298
1941752 2306416
485438 576604
56293 1788258
261502 799917
291283 581727
2265570 1768386
582566 1163454
515240 2086182
293755 222052
1552951 1996934
523004 1599834
871444 2053474
1443944 156616
1566736 1602596
2429984 598564
1942271 558694
1214992 299282
1197296 473976
2141360 2359692
124798 640236
2268662 2340702
1856737 479384
166009 2101568
410025 1201616
1175020 888208
221372 1550308
598648 236988
1402296 1138828
2499157 1332435
1070680 1179846
249596 1280472
257620 1043091
739980 1880754
2264072 1558830
1491384 456483
820050 2403232
721972 78308
970876 1153208
1917412 593427
1600724 935762
587510 444104
2350040 1776416
1036540 1096984
299324 118494
1506453 1466040
1633408 1775792
2415030 268500
816704 887896
166553 1865092
2073080 2193968
360986 39154
2394592 947952
1165132 2326908
2126338 638512
926904 2165560
1988229 752634
1552687 233615
945016 1393826
2399089 1545659

