1600833 4429364491241
826371 1296276
212606 721189
527764 429204
66214 128074
1217727 504136
993806 1325111
1581132 737301
525762 1334402
15946 1464975
116675 1150982
595822 1288485
1418852 419799
471991 946809
433401 107911
1587416 602209
201413 379817
289248 19824
220318 738874
871881 1353369
818033 1015302
599202 1466448
1386178 155129
1511703 1109167
1256171 1566873
480007 844246
764610 766281
1449800 394006
708405 860082
302210 981466
157419 25198
650121 1552975
1546732 364782
1229454 1247151
362674 1234446
1371752 1498406
142377 869248
155016 389806
1300684 999711
799311 732005
376103 190863
491723 1119237
1029212 1528296
1009185 173871
256338 932934
136218 261026
358280 443472
894813 196742
462054 820542
65256 88656
1229733 925061
102349 427106
1314279 1211052
606565 609871
87186 1336006
1373814 985077
318223 613296
1138737 27175
911781 49950
334197 1563314
766850 911187

