4000000 4000000000000
2639456 1672574
3577300 3372680
3243745 3613747
455050 1753660
1329821 892010
2428516 3602406
3726240 624854
348518 3372136
2257224 2797440
1749216 3777782
415840 465632
955508 3403034
1111996 1521216
2842814 2695451
2983496 2283356
3402982 3979125
2908328 352009
2958210 3512788
2644510 2953621
1961068 66651
2252592 3774175
2342100 2646693
124224 162638
3915252 3195895
3854309 3455499
3236009 1001111
3081304 3465
77476 984808
1032690 2536440
3845204 2777487
1643692 12332
10406 2674665
3653543 197160
793293 845558
44676 3706822
3749263 2760960
665076 1740976
809582 772200
2778794 1622200
254383 3705544
2288336 3800256
2697010 3649337
2995320 3052548
594304 593160
2262013 1129545
2164676 1861390
2778344 3141600
3842315 791808
3134999 1994250
823480 1677586
1056620 1556470
1111600 3228520
2052504 1458428
1999095 1757000
3987482 1808142
1850036 168204
152067 3707696
2901671 271343
3356166 1873990
2468468 1459342
198440 941208
3942653 342485
3050925 2659252
1998980 2854950
1080800 2525712
2865643 1942712
3490600 2708231
23761 3038312
482890 3360105
1130173 50375
1868256 3381470
845040 1840326
1037938 400106
330752 776301
892042 1095948
2516421 2403442
56832 1749690
2644410 477282
3509220 1121362
2251200 3472342
3039970 1281339
3851200 717530
2814400 761174
993852 223250
3966470 2600080
1581848 3346650
148875 1282896
3153343 621541
2555682 2585850
1056664 2647920
813550 3661016
2531276 2898385
2024550 3610042
530496 158240
2234017 1795252
3932448 3678040
1331195 2147846
2752004 250902
926308 277932
2792310 2145676
1131216 825600
258688 1597008
1192362 751696
2631848 1251856
1863128 3236920
890319 3510675
3762308 3724541
3339509 2531182
1470545 1644034
3082664 354781
2601128 2541447
1486976 2379240
2335785 2077676
1782220 1353260
1265277 265848
3149484 3738178
2160090 736846
3482150 3397384
323900 2407055
2499157 473915
2442528 2501222
2445524 720304
169057 159989
1042088 368065
3173935 2949981
3422904 280768
3413688 605872
222455 1573240
1791389 2521318
935325 1414325
3269600 2829017
2219096 3816010
3550396 3567120
227080 569667
620370 3768384
607780 1863385
2726100 245870
3907209 833888
2261450 3985730
269138 1147590
3958104 1904636
3141109 2739240
914746 1564522
2755056 1762752
474000 3542652
3386520 3465940
1930380 3581440
3317842 1578824
1272881 395691
83133 3375581
135826 208960
3316100 3803054
1355232 2791610
75109 2617624
1208252 3464292
2411000 3407004
1858883 3456796
1941835 3147872
905330 1882856
3367464 2187072
24950 277714
3961135 487850

