876790 868878121
419108 758406
352408 658522
86480 458410
554416 795486
22315 174112
2398 732736
597833 797612
217788 215868
580345 711126
580770 698278
466960 357920
473825 449986
631625 653786
567842 56034
329910 820304
742474 724578
104188 213072
259264 558006
342352 268504
3310 817352
38558 138510
786470 13905
250330 161930
179197 793762
618479 418896
854370 84758
546246 830890
839167 346672
215484 434570
857040 279288
664565 517120
499552 296924
96665 332180
674358 62952
141558 693342
43490 833908
117814 386224
160158 636330
252058 189375
403600 717790
836250 349196
254740 12940
291075 382261
72776 733374
523282 335116
727680 601954
853590 687736
286092 551617
245708 304888
517995 750547
360772 5892
114460 692900
813960 51148
770974 532170
534486 336716
466317 740896
172262 343829
687041 7454
320465 91165
855185 191862
218313 585832
504030 169770
102990 79004
765622 32544
114250 447671
90355 239919
71648 43150
418045 451960
832330 326004
74045 155820
856839 192205
330524 754644
376682 97785
715831 131865
490472 47587
641300 679680
566144 762898
554930 824910
450564 481286
204840 723808
51593 247902
503292 600152
34514 495386
83268 812586
625398 25680
630600 628542
264027 448060
863557 783296
793608 75312
679442 768768
152683 426948
655966 384670
570962 233674
275998 276986
247670 89569
95955 293489
808696 526198
675788 612783
842291 836473
40980 671648
25312 432075
210517 169071
478203 433172
506093 569294
544475 110935
603499 762195
238874 830200
172652 400378
123565 670410
165870 178728
867400 686796
635060 403466
95396 532710
298579 580860
430780 293984
802556 126686
790220 751170
600986 415046
607950 705672
192336 100776
823335 582574
576536 541300
833010 51732
563292 594170
669952 765236
345540 765996
739373 69871
742440 279020
544794 294532
162540 401708
429174 663864
625362 412834
620658 187054
615170 354340
247760 814720
562810 211860
848072 721594
117094 413794
683680 400285
866116 658450
167210 299598
40596 702252
733692 123995
398160 1613
598164 611462
3418 224070
577086 379720
452706 330614
375236 421776
756760 438838
429182 377197
856153 339607
332270 796812
618196 724690
356308 235068
847558 110630
628108 36596
4080 574400
227517 185600
555668 376882
550856 733714
737374 158920
402805 739442

