1000 1000
713 141
890 844
463 983
833 524
939 591
247 667
726 694
576 463
840 119
775 478
926 68
161 715
551 627
703 779
516 944
170 536
958 388
858 310
484 494
48 628
252 634
516 389
490 55
81 23
112 6
216 348
173 119
715 920
360 710
499 602
630 358
651 367
891 628
983 970
462 808
823 912
359 55
992 476
669 621
525 22
67 913
826 786
892 601
41 222
79 536
345 275
36 453
900 328
223 613
895 659
396 508
63 626
940 240
90 409
175 631
540 756
315 442
995 880
171 369
925 853
667 417
497 454
651 660
115 84
459 328
908 256
462 490
273 984
2 196
674 788
167 405
590 721
949 120
29 141
275 896
286 780
877 826
659 683
806 187
562 267
127 612
852 832
14 731
251 243
506 628
288 868
909 343
507 916
164 172
447 130
340 124
108 245
717 698
751 625
699 91
567 13
10 305
705 508
506 982
631 627
739 167
996 955
75 854
419 382
869 749
753 600
677 616
207 990
682 130
445 298
474 667
828 194
916 872
962 829
338 307
947 327
478 141
774 7
974 193
54 591
771 931
666 580
238 937
768 424
364 145
557 604
612 595
639 185
446 240
567 688
247 315
497 576
58 270
814 873
561 393
508 519
364 727
820 65
617 273
501 298
308 463
423 32
73 795
826 331
224 265
144 568
912 461
712 575
536 507
828 217
730 796
406 414
864 71
598 94
811 279
255 30
618 964
291 958
384 268
116 480
362 731
533 603
423 441
320 490
64 195
137 127
713 292
738 491
817 830
832 594
695 763
943 74
189 225
162 877
786 558
533 752
530 815
94 51
969 567
417 529
977 839
115 738
687 849
329 472
20 561
339 382
851 6
75 856
406 981
714 175
622 519
933 931
427 924
563 982
456 160
931 870
475 709
51 379
700 977
604 43
299 218
613 858
663 135
228 302
445 664
844 282
645 89
540 144
235 627
196 893
356 619
854 656
479 399
450 195
975 734
49 165
966 216
367 310
764 54
579 309
968 635
201 823
783 211
106 185
699 419
698 631
853 657
778 838
933 501
30 215
609 488
754 533
429 667
529 146
890 516
903 812
738 949
575 6
67 909
55 116
586 724
451 398
1 993
895 265
572 997
729 594
873 917
870 813
47 540
12 125
648 280
271 949
697 286
512 390
705 752
571 506
384 126
360 512
35 963
461 129
157 105
930 67
144 247
916 707
508 570
638 128
359 186
125 590
654 327
771 193
82 387
438 890
679 442
242 415
521 679
564 53
936 664
1000 25
741 246
246 352
221 117
216 156
910 387
736 648
368 375
560 213
150 239
809 542
772 879
895 432
508 798
661 167
484 979
989 981
857 528
739 156
922 6
307 94
670 810
208 467
160 198
534 371
340 810
666 4
530 573
801 246
611 287
270 333
865 745
928 31
92 719
715 799
602 684
614 417
110 463
477 199
373 725
335 243
957 614
291 558
71 357
190 120
926 194
976 920
936 890
65 391
453 754
486 161
742 831
592 716
343 130
79 195
840 578
50 221
176 547
562 450
771 989
744 741
119 576
268 32
41 735
328 701
53 418
732 625
381 56
147 238
657 212
614 545
952 544
983 352
582 207
497 968
567 392
590 382
564 568
625 45
83 526
629 880
483 733
501 312
584 358
630 48
979 580
50 607
358 100
886 501
703 580
638 66
651 179
72 436
741 386
198 999
991 978
328 41
904 573
369 846
670 969
145 866
646 491
883 710
266 424
495 725
402 194
131 270
470 896
750 412
307 23
669 277
948 192
537 112
419 354
48 587
984 746
708 996
329 671
513 686
835 315
994 126
488 351
951 542
33 14
400 713
557 246
85 160
163 970
512 909
5 35
315 399
430 7
87 397
949 234
636 334
322 37
784 464
640 669
442 112
835 934
14 553
197 439
558 504
868 39
30 136
813 656
776 881
631 3
962 615
761 68
549 496
702 319
711 853
947 75
11 717
165 751
496 342
800 762
567 597
318 55
777 848
868 801
873 603
4 907
301 80
430 68
610 978
840 291
136 42
364 292
335 721
270 766
352 920
890 231
561 371
194 919
370 831
412 403
756 825
448 577
260 514
317 557
543 665
220 363
344 889
876 47
680 28
208 938
781 928
670 469
902 498
402 179
390 953
267 626
120 20
499 10
730 926
692 49
844 752
114 176
683 924
560 553
862 89
583 347
883 344
669 876
271 509
409 919
604 47
47 452
534 170
192 672
361 701
791 215
89 417
863 311
290 372
593 335
769 37
732 352
802 625
213 642
587 676
546 490
265 252
354 778
546 667
408 897
83 571
479 117
218 935
183 247
799 807
184 878
447 252
775 823
833 349
911 91
117 338
98 41
616 23
40 581
509 299
543 825
145 913
796 755
38 158
537 247
611 149
1000 311
97 24
966 24
217 759
163 215
844 965
1 492
91 185
434 69
385 915
408 222
669 720
423 816
908 808
566 352
494 821
494 993
368 62
433 996
490 366
392 935
202 455
62 539
793 226
120 451
44 19
449 634
910 256
528 684
636 651
781 912
281 449
917 444
890 665
714 90
789 417
46 98
606 285
497 959
818 210
705 94
344 235
522 684
188 521
303 904
942 880
871 897
170 231
467 345
513 248
982 434
384 897
598 480
152 58
699 303
398 633
822 526
123 770
892 845
887 250
266 251
66 270
627 979
427 264
208 607
532 578
56 773
77 294
544 17
152 493
164 972
597 262
126 204
671 721
694 60
991 149
660 357
928 255
554 980
146 684
157 766
227 848
925 322
266 832
403 878
670 197
331 141
79 602
66 279
955 73
474 121
852 960
747 854
664 313
260 198
257 130
890 55
789 67
456 681
953 238
952 86
682 364
513 530
36 893
810 599
927 623
949 132
582 628
351 999
626 117
992 776
287 212
470 169
932 592
151 459
201 442
526 666
380 72
429 939
565 111
621 405
755 598
714 742
965 369
786 511
382 923
942 939
363 40
58 428
511 210
226 343
441 410
182 800
940 521
440 713
56 272
715 399
591 805
998 142
314 134
153 271
180 339
640 382
911 463
765 384
670 55
466 797
403 79
72 299
755 497
546 507
502 823
637 448
731 403
212 604
307 845
351 621
788 629
91 953
722 833
496 214
697 81
599 597
414 889
531 736
895 439
922 521
728 717
419 573
991 209
634 177
922 692
225 531
119 872
874 741
420 702
179 93
400 662
992 600
938 15
527 313
649 138
388 178
652 264
867 391
952 220
269 836
490 433
67 573
507 913
693 429
301 54
732 527
422 205
431 371
446 157
290 507
621 803
740 630
417 704
839 237
263 173
526 709
576 453
282 820
150 181
829 575
70 359
163 523
768 589
21 371
997 628
304 810
497 494
102 305
585 933
604 619
71 21
931 943
939 113
322 53
604 801
716 205
487 434
78 84
623 775
364 168
687 175
93 199
284 22
396 99
285 760
1000 832
983 755
862 977
828 397
733 368
77 110
74 348
344 631
382 296
683 795
717 650
737 781
807 945
356 610
141 947
437 848
924 757
784 751
454 916
747 911
738 212
648 755
688 79
688 229
889 369
51 297
470 977
934 518
48 674
36 794
152 522
984 93
417 627
433 858
282 904
759 33
312 154
109 392
172 437
824 204
401 860
7 170
776 508
84 458
399 128
514 655
383 232
894 552
269 95
995 307
148 589
649 226
881 347
590 526
279 429
616 692
164 916
937 149
156 109
251 298
356 404
390 352
81 221
625 672
186 100
941 338
291 51
992 723
316 596
625 204
290 336
951 525
876 872
398 746
496 914
524 965
167 254
905 53
94 368
958 669
391 537
152 503
943 178
693 75
705 832
694 18
619 174
437 464
983 111
825 322
446 28
783 12
296 781
475 774
870 595
168 616
19 117
684 899
240 57
71 138
352 334
846 873
980 695
779 429
615 674
359 476
324 522
931 454
119 675
387 76
153 252
317 512
192 905
160 701
614 281
79 856
545 733
608 984
915 155
633 34
883 954
715 424
980 278
361 3
532 278
802 830
823 732
725 357
245 621
453 630
866 946
621 638
716 550
381 343
874 545
982 825
811 460
315 159
629 838
24 995
343 287
359 917
57 859
737 239
730 105
2 949
858 884
160 819
817 657
669 559
528 594
67 41
711 595
919 984
782 556
129 999
112 286
267 831
629 33
721 247
111 12
192 234
287 662
417 664
17 582
919 943
757 534
151 547
271 574
768 979
89 982
908 510
79 674
910 846
916 549
604 860
604 424
278 373
449 586
135 364
394 668
988 727
432 333
523 206
467 36
670 73
725 940
384 649
469 45
847 778
127 48
34 23
409 3
693 799
241 462
83 807
13 917
603 616
795 927
726 274
187 206
376 736
538 456
837 766
184 269
743 521
764 834
221 71
638 302
741 23
853 603
52 273
923 679
133 160
453 59
329 935
535 428
279 219
368 360
573 143
114 179
205 517
469 483
626 268
387 457
133 565
847 289
395 507
618 891
890 689
543 139
228 70
832 166
410 847
191 150
917 220
361 887
177 750
712 307
508 110
969 259
757 26
1000
846 846
648 648
276 320
521 521
335 388
270 515
148 230
210 739
815 815
224 870
479 479
317 487
263 647
841 841
142 147
839 916
73 602
978 978
823 823
386 660
630 630
632 632
932 932
759 759
112 666
99 827
234 809
151 814
25 290
697 697
115 265
312 571
354 634
737 737
869 869
182 182
900 900
209 807
921 921
544 544
91 527
249 428
612 612
847 849
429 870
637 812
849 849
219 219
808 808
375 975
5 516
549 549
377 613
226 491
761 942
461 461
286 406
792 792
44 1000
982 982
813 813
245 996
982 982
773 773
923 923
289 640
39 543
766 766
894 894
162 162
854 854
512 537
602 602
944 944
178 178
772 772
40 937
128 815
140 987
833 833
18 212
442 442
690 840
754 930
649 649
218 335
278 278
406 871
776 776
947 947
646 646
608 999
342 865
151 205
858 858
893 893
479 479
584 584
968 968
841 841
908 908
458 458
331 429
194 778
374 536
758 818
224 972
754 754
783 783
505 709
191 191
625 625
826 826
723 723
24 645
226 579
765 767
665 665
524 908
865 865
798 798
667 979
744 744
116 926
491 971
335 944
877 877
39 911
105 431
124 126
994 994
285 527
150 862
648 651
585 585
54 618
47 883
218 809
414 753
539 539
962 962
880 880
635 635
620 786
965 965
843 843
999 999
803 803
358 498
238 238
690 690
495 646
184 534
211 356
194 194
442 483
757 938
333 333
329 486
195 710
422 538
959 959
69 138
668 790
980 980
828 828
231 669
404 600
875 875
236 899
28 799
487 487
34 88
214 450
647 677
761 761
556 556
576 576
757 757
711 711
978 978
529 812
584 584
566 566
615 789
912 912
4 797
674 863
18 638
530 530
117 789
729 859
512 514
56 687
527 725
637 637
143 783
246 276
37 794
477 813
500 500
877 976
499 499
644 644
70 638
850 976
323 773
609 765
568 568
549 549
60 807
557 557
795 795
442 971
630 630
968 968
458 680
28 501
263 921
213 410
540 863
229 291
761 761
625 848
302 375
231 231
786 786
992 992
694 831
534 560
851 851
584 584
713 713
52 543
106 573
604 905
990 990
516 521
144 797
338 436
888 888
303 625
51 711
333 333
592 592
802 802
404 449
740 740
393 785
661 661
210 210
682 682
202 716
814 814
166 909
252 779
336 520
452 659
181 468
381 796
609 609
709 709
442 442
725 725
154 194
825 825
281 670
414 414
866 866
788 788
436 436
510 510
252 252
695 774
722 722
112 829
1 546
48 97
563 633
3 622
20 902
534 729
933 933
481 481
733 733
589 589
851 999
361 373
542 734
536 536
432 953
605 750
17 277
866 866
888 966
445 910
79 981
340 854
304 535
666 666
154 525
395 876
681 681
532 632
245 856
270 270
985 985
885 885
575 575
236 321
450 576
795 795
788 788
516 863
441 441
698 698
547 547
939 939
720 720
320 965
465 465
682 682
340 340
79 247
124 843
21 846
727 727
975 975
897 897
662 757
608 697
409 409
159 726
679 679
438 438
732 732
138 138
883 883
833 833
492 503
481 481
574 771
721 857
774 774
760 760
97 144
53 933
38 618
606 606
399 862
61 61
113 113
32 585
474 982
856 856
835 835
524 524
39 334
575 808
163 757
863 863
701 704
472 763
234 878
568 652
370 769
956 965
519 519
515 752
847 847
409 446
925 925
735 735
583 615
185 185
211 249
688 689
611 611
9 964
52 398
325 325
889 889
10 239
109 715
555 555
113 113
548 548
522 869
192 686
167 1000
662 662
937 979
617 617
755 755
560 727
189 189
221 983
44 584
793 793
452 452
648 648
248 660
473 769
25 804
273 917
6 943
32 205
227 954
868 868
317 618
933 933
212 722
433 433
178 404
856 856
291 463
426 895
181 997
136 996
707 707
721 898
804 973
606 812
145 871
952 952
272 428
920 963
866 866
271 319
427 458
199 566
243 264
122 562
400 607
169 169
15 697
112 164
595 689
840 840
628 882
749 998
316 819
529 529
302 316
576 576
416 416
502 768
795 859
494 685
880 880
189 189
38 110
86 979
433 997
406 406
20 58
739 981
10 135
985 1000
545 545
557 557
97 422
965 965
148 815
671 671
158 412
490 835
271 271
651 651
94 638
496 835
304 464
698 698
98 255
190 429
795 795
484 484
909 909
468 468
606 606
382 382
26 440
889 889
315 441
879 879
915 915
447 447
873 873
2 397
651 651
265 445
355 463
767 876
549 661
108 289
112 293
185 185
66 404
347 520
481 481
442 535
24 494
345 855
758 758
395 734
998 998
851 851
242 242
572 572
272 985
659 885
322 322
938 938
585 585
807 807
186 882
844 844
268 788
727 727
168 501
149 866
258 988
963 963
807 854
205 378
359 671
418 536
461 841
632 942
981 981
964 964
22 399
653 748
824 824
810 810
415 778
672 753
272 927
136 136
347 635
569 778
578 578
362 444
697 886
554 554
375 717
428 940
452 531
37 563
123 196
328 645
986 986
436 923
975 975
356 987
29 964
95 908
256 868
145 760
606 606
362 362
446 660
22 598
349 470
532 532
86 86
699 699
777 777
746 865
24 940
286 286
430 608
585 585
209 962
945 945
866 866
543 988
363 900
785 785
760 865
971 971
192 399
553 804
558 835
504 794
635 635
342 682
534 534
206 916
815 815
616 616
104 486
649 880
85 892
743 934
838 838
784 989
714 714
204 209
502 502
447 447
743 743
155 155
428 428
422 422
703 703
464 464
46 46
832 832
365 398
599 599
910 910
237 448
644 756
714 714
196 384
144 144
380 645
503 503
681 681
761 761
764 764
544 906
364 364
76 932
674 674
41 71
945 945
424 424
301 301
365 760
861 861
226 591
532 868
449 449
428 575
655 655
212 918
824 982
372 478
965 965
813 813
437 665
319 507
275 549
957 957
348 474
132 132
460 500
508 508
970 970
518 518
832 832
215 514
23 484
483 483
147 469
606 606
907 907
47 517
853 853
750 750
375 505
511 766
680 680
879 879
792 908
366 366
85 394
502 502
543 953
59 313
871 871
828 828
252 919
785 785
213 943
765 831
302 835
678 678
13 97
699 699
556 974
637 637
340 662
361 361
767 767
100 100
215 314
120 502
254 947
599 896
853 932
653 653
273 865
954 954
490 490
120 360
654 654
563 817
54 122
263 342
759 759
246 858
860 860
841 931
378 645
190 953
28 559
548 548
344 344
67 431
673 954
15 62
927 927
319 319
588 824
544 544
103 562
544 818
783 783
144 905
304 398
441 473
362 502
914 914
787 787
616 616
257 679
280 730
661 661
953 953
596 596
262 749
528 528
682 835
94 792
436 991
233 469
101 289
543 543
704 704
322 322
610 610
466 466
834 834
361 741
690 690
800 800
494 494
512 512
989 989
203 916
918 918
739 770
333 689
627 627
894 894
190 517
232 676
428 428
926 926
516 516
626 626
822 992
883 883
984 984
201 201
116 342
46 903
152 325
167 649
734 734
715 715
5 25
539 539
32 586
755 755
293 777
264 714
280 363
555 555
321 321
229 229
443 703
835 835
783 783
580 832
584 943
727 727
904 904
995 995
836 836
314 654
843 843
749 749
229 263
430 469
649 649
322 879
623 623
21 881
855 855
187 187
962 962
980 980
240 820
935 939
161 586
154 984
768 768
401 438
716 716
453 788
9 240
207 849
160 936
901 901
346 780
708 708
18 903
8 692
275 275
639 983
695 695
316 316
115 876
411 411
695 695
56 613
426 440
413 540
157 157
795 795
143 711
809 809
201 810
211 211
27 457
261 261
959 959
864 864
683 683
379 379
181 737
766 766
139 959
715 945
552 552
279 353
422 422
791 791
328 619
174 530
726 726
590 894
71 317
885 885
186 186
314 487
254 905
296 528
603 603
458 511
880 880
719 893
735 802
601 601
277 849
808 808
750 750
829 891
217 927
27 642
87 395
96 305
362 362
453 453
956 956
930 930
741 741
974 974
154 752
53 69
298 444
283 283
530 530
351 605
947 947
660 660
298 298
12 456
249 249
534 669
85 150
58 433
104 451
226 512
431 581
443 443
934 934
20 457
410 491
639 639
343 724
709 709
411 411
759 759
563 563
626 626
790 790
179 893
231 318
379 470
302 1000
868 868
96 114
5 710
414 414
579 579
620 620
593 647
771 771
208 208
713 713
74 646
623 830
732 732
755 755
899 899
183 369
136 643
994 994
710 710
854 854
235 781
825 831
54 615
936 936
800 800
473 885
14 106
352 352
870 870
372 570
503 503
242 242
926 926
739 981
167 772
418 443
544 606
72 665
324 948
379 778
455 829
988 988
69 913
657 727
80 626
379 379
706 893
328 328
95 667
971 986
126 854
82 289
850 850
72 166
892 892
324 324
964 982
931 931
424 424
970 970
563 772
902 902
737 910
271 497
602 662
162 162
438 782
734 734
904 912
137 310
574 692
212 212
223 223
108 527
286 286
171 633
855 952
670 670
695 695
816 816
352 913
920 920
669 836
478 478
331 906
