3000 3000
977 1794
327 2661
1975 1368
1798 559
2890 2118
1266 1235
1735 1458
1670 1825
2641 2234
2991 2432
78 1840
946 73
2744 2884
1992 821
746 1734
870 2676
1491 1252
1202 1336
2160 560
2732 921
613 1926
457 1778
555 1244
2998 1164
1569 2171
2803 866
1820 2630
2733 2628
2241 921
912 2536
2349 2891
85 749
2115 1022
129 1042
309 599
734 863
1622 337
1070 1290
848 1487
1269 2741
2130 2410
2254 357
1388 15
1592 542
2861 2381
1507 1486
2029 93
2958 472
79 995
1474 561
193 1604
1333 1920
735 2632
1224 2529
2524 946
2625 2547
2843 1278
712 1067
494 283
476 1920
2788 2672
1510 2960
2720 2188
2673 251
1424 8
303 1431
1931 104
1904 1459
2734 115
1271 2473
2313 1022
2293 2101
2965 431
938 603
201 2201
648 2392
710 1228
1587 1623
479 127
2726 791
1157 232
608 2867
1530 1034
1831 1218
445 809
2187 1312
1365 2058
502 597
2025 2783
2619 2556
694 1873
1917 1263
2283 1734
2097 425
2018 1806
2158 1164
792 2089
539 1300
2887 2971
1346 2228
121 834
1645 2688
185 1735
870 218
516 267
1907 1736
1046 581
2633 598
1898 2441
1024 232
1633 2762
1552 2275
2575 1027
714 2148
714 1131
2458 889
2293 1031
2780 1455
2092 2909
484 820
2673 846
1346 2862
2910 2474
2230 827
220 315
1585 1890
1740 1171
2572 1090
491 2519
2140 2274
379 2137
2486 1665
1992 2800
2888 1455
2600 2075
281 2019
1231 1502
2945 1174
1065 1419
1684 984
1881 1884
1154 929
874 848
2427 2179
1028 1293
2522 2222
602 254
63 1852
1217 28
2657 1439
35 905
2508 1799
1429 243
2871 1592
942 846
745 2163
17 2701
38 1628
2692 1786
2868 2708
2642 1636
2259 2288
2222 1153
1364 2882
2241 2396
2240 2678
614 944
2189 2512
476 2334
453 20
1556 131
2783 1294
732 2574
1234 2715
1202 849
959 1911
1061 325
1911 2984
2432 915
2109 2715
2536 2376
1485 1590
673 376
1428 2806
2084 1599
482 2042
1044 1059
1174 2671
1169 2102
1672 598
1068 76
1077 619
1748 927
1966 2734
80 1491
1634 911
78 2927
630 2878
1668 2792
1106 2929
1469 2581
1678 1458
2894 2518
2604 888
2673 374
1671 437
770 1611
141 1495
2136 2035
2841 2483
2830 1242
1980 1399
1883 1801
2381 390
1639 1729
2950 2194
815 920
2921 821
18 2339
307 1136
1092 2805
784 1840
443 775
2383 269
2929 265
1415 1085
1770 703
2338 1633
1398 775
601 2958
281 522
1696 1279
2809 210
20 593
143 995
362 1207
2010 1300
2186 1631
2577 1064
1347 2804
2567 2488
960 381
2803 515
1140 206
1345 2649
1083 1398
2643 524
2161 2697
1876 1601
246 1455
1119 2061
1626 957
2283 1019
2053 314
2778 309
1122 2260
458 1369
1677 2428
1491 494
899 775
2410 2246
545 1974
893 1119
1472 2257
1712 1037
2263 1072
2680 1826
1730 1610
2734 1449
417 1377
1775 1055
1572 2629
2049 2827
461 728
1976 2863
2438 2826
2322 1647
1405 2863
1551 2938
1533 2670
1213 2183
1432 322
915 2682
1922 686
1925 566
2311 2292
2415 2949
175 271
2221 1342
137 771
1291 1183
2357 1217
8 724
239 1527
1025 950
2329 407
2547 262
2272 767
2800 196
2458 73
1918 604
1622 1444
1132 1816
2189 2610
1894 1884
223 2955
1819 2261
1105 2099
902 603
2086 2111
842 1530
2387 1846
2617 523
2535 1181
2895 1576
1675 723
2514 1584
238 2735
2012 2352
2645 903
188 1443
633 1434
1602 1474
1137 991
2170 2743
610 440
2115 1230
1547 658
2529 470
830 94
647 1903
2916 2188
1248 1093
672 2214
2264 2660
191 4
2031 803
742 2575
1494 2373
2989 1711
1485 1782
707 1088
1612 2244
1194 1114
2961 1398
764 177
625 1433
909 2853
1698 1432
1899 1682
1680 252
1948 602
1783 1773
87 1193
1241 1919
2510 442
255 1457
1434 81
1453 866
1023 320
258 2860
569 390
749 2829
1391 2932
102 2468
55 154
1708 1049
419 2218
307 1648
1363 1786
2705 2944
323 968
624 759
2005 2657
110 1104
2042 443
2803 2199
710 836
827 2396
2873 1475
1742 2783
2741 325
612 1843
1884 202
1972 1054
266 2369
638 1455
900 601
2240 169
1103 2506
710 1071
1035 1787
1950 1016
2273 1605
19 2542
1483 1896
400 1057
412 1645
1079 2065
2168 507
2650 2332
2349 2102
1610 1869
1721 557
2254 726
565 2531
199 1055
1635 952
1321 1935
2813 3000
2604 1154
1358 909
60 459
60 1241
2382 2860
1638 2150
2413 2156
858 2433
1611 2937
1347 1348
1787 1263
2161 2852
175 1215
249 2138
2973 2139
2575 2309
2984 2456
1713 56
1980 2645
998 2688
2913 2940
1510 2514
1372 2150
275 2722
2451 2124
2649 2550
2927 2563
1354 1036
1591 887
830 2377
2770 764
2433 965
909 1081
308 2019
1918 366
1305 316
184 2727
2009 1046
609 802
2936 2777
1592 2533
1276 1643
1338 2275
2769 637
1519 2049
2409 302
776 43
2722 2454
788 69
1984 2773
68 95
2685 900
2827 2752
1206 1796
1938 1782
1640 2159
2083 1373
2954 1404
580 231
1725 2654
2150 315
2562 2839
327 696
474 2873
845 1635
1820 126
2196 95
538 2664
593 2949
1949 2107
1680 2861
883 1106
2627 564
2957 671
1020 2358
2470 2767
2029 2941
177 53
2726 1698
1882 606
959 2100
1280 2253
503 2655
1961 1280
356 2431
2631 691
2891 757
2321 2843
1514 2361
869 2653
996 1304
412 1944
1357 1360
1455 2305
782 2354
1065 950
132 191
1069 1628
2924 2319
2209 1172
2570 181
2490 628
130 1055
1771 2275
1918 1732
816 391
2578 2047
2656 2298
148 1875
2603 321
39 687
1071 2719
178 45
2737 1090
2205 190
2467 1445
116 360
2777 1758
927 2522
280 56
368 2982
2008 755
2111 2280
1233 155
306 967
677 1663
545 1514
1645 2875
1338 2205
383 2311
1520 1860
613 1185
689 1463
2817 1825
848 1254
2520 524
1280 359
2661 451
138 494
104 828
2393 1220
46 1185
316 1443
2922 1128
436 1088
1644 260
1550 1714
457 393
1875 467
252 637
126 605
628 2229
2654 214
1837 782
477 1967
155 845
1016 929
853 1113
407 1569
1270 872
2183 2518
706 2807
479 1392
2967 1358
144 915
497 298
1569 1949
1435 709
1377 1380
378 2115
1678 1235
1740 183
1206 1727
1322 2038
540 549
2218 2249
1413 2262
1600 2121
459 325
2805 1742
785 1833
1048 817
185 1918
629 1411
2227 721
203 420
30 2859
67 2264
1812 1189
1685 1312
9 1526
2685 2853
1540 2889
1366 1202
449 1738
797 1499
1510 2578
714 1496
717 473
1667 534
794 2116
1777 2496
1557 423
1574 1498
106 2996
2791 190
2543 2205
1823 955
1869 1982
893 1883
1307 1575
2999 1491
2615 1456
310 240
2414 2294
2628 496
327 1013
1107 1975
555 534
631 1971
1943 772
1495 2226
2909 1545
2177 811
592 1158
308 1362
695 2339
1089 2568
748 107
1500 250
2261 1084
1288 1392
194 1269
1513 89
1520 1593
534 1293
533 2780
1502 571
309 2763
2522 893
1485 280
123 1905
14 1790
1677 257
212 1882
1261 2628
744 107
1351 302
2346 2684
1628 2902
2987 719
1737 1447
2506 2156
2523 1977
2517 866
2490 2889
1443 2549
2859 1838
1632 1481
1603 1605
1432 1238
1576 2008
2087 885
450 986
1393 2161
1626 542
1693 1129
1394 705
2775 445
2350 493
1207 887
945 2935
2020 1573
579 627
2188 988
1097 38
1648 343
2509 157
2252 191
1912 724
525 2013
2765 2505
878 1526
2584 1019
2980 1599
319 533
2856 2882
2680 847
1814 1903
1195 2798
2524 1374
321 35
2756 2163
2205 1370
701 1596
226 940
1823 727
2541 2351
1286 2103
2316 1556
2273 2977
2847 2346
2915 1930
878 1729
618 2660
2396 2945
518 1032
2130 1452
4 2149
815 2081
635 458
1806 2810
487 2896
1601 1241
1165 380
525 2166
1230 2044
125 1780
335 136
2956 2597
1039 1443
413 259
1019 2841
541 433
2527 1387
2339 1017
2990 2857
766 1727
68 288
297 2397
194 1132
2843 2216
2778 743
1426 212
571 1091
1952 1148
1575 1956
1558 1300
611 1706
1265 498
583 1302
554 1042
206 434
146 2993
472 2078
2365 1413
630 1160
294 2219
2734 1819
28 2688
1513 2484
2140 596
2840 1545
1687 156
2382 2786
942 1455
2242 1797
2546 1548
459 621
145 2434
25 2314
1318 2175
162 1519
1599 2205
2730 728
1829 2018
623 954
2184 1606
1804 2728
969 1283
923 2339
2140 792
2001 113
1950 63
660 569
659 2552
2872 686
1443 709
211 1058
2941 2887
2590 1565
2733 1376
2797 2702
442 2523
553 1665
1115 1737
1259 1802
1356 2446
2939 1665
2475 2179
1227 991
1512 68
45 1823
2108 1565
2012 2416
897 2193
2186 2066
2954 2540
1437 2952
972 1442
295 389
2382 638
1759 2713
1245 1335
1026 2046
379 552
310 390
2457 1151
160 1232
762 1201
2228 954
737 1268
45 2377
558 580
2214 1183
2454 138
896 2644
2873 1706
2684 2560
695 1828
580 415
2461 974
2566 1991
172 2720
1025 54
2628 1832
1026 1592
1895 1470
48 2511
1616 706
2999 435
2566 605
2498 509
2932 1958
1341 1926
1987 2742
1810 413
1601 2765
1618 577
268 2606
727 1612
2474 577
2079 1273
499 2073
1963 1895
1745 1189
2169 2701
2382 2050
207 241
287 2312
1537 116
1560 2643
1508 2552
1688 382
596 957
2046 1859
1547 328
2148 2854
795 965
1603 1403
2374 2127
176 2597
1372 837
133 664
1173 1735
1139 449
2279 2993
1086 1013
1354 1215
1457 2343
130 427
1972 1046
2813 1802
2275 910
2086 2893
1193 2398
2057 1447
1381 402
456 1883
2284 2553
2205 1296
303 722
2848 2678
2630 82
2148 1731
1189 1002
1821 2610
2205 1879
2045 1812
1326 361
63 1305
949 1280
1835 968
1913 1604
2308 741
922 1572
2462 1099
371 1241
492 1547
2183 2532
1041 763
2706 2309
1541 618
2298 286
42 2467
2782 2887
416 9
2941 955
1190 1210
2402 2339
2249 502
2367 1257
226 2265
2248 1720
1499 2535
1201 2722
74 2456
146 2282
2130 821
1034 715
1566 1825
2202 3000
1959 1531
2707 1774
1952 2100
2491 1039
1640 1348
1331 1896
1895 18
2149 5
1589 835
1533 764
639 2289
956 1303
932 912
589 2758
2423 350
2458 2580
2621 2730
1942 1073
1842 2974
2665 504
2575 1951
1223 1689
990 757
1066 2242
2521 1894
1721 218
248 1151
1897 1822
2026 78
2603 2991
310 1842
1966 36
2458 2180
2271 2636
1164 42
2190 2598
2118 2241
2378 1589
2151 1522
840 1638
1024 2721
240 2092
1301 2106
1736 2350
1229 1525
109 974
1043 2580
919 910
870 2249
1781 1463
1877 685
1641 2250
839 2471
2061 226
602 1762
2085 1537
330 1811
1255 1378
13 2321
89 2303
629 253
834 2948
326 2412
124 811
1688 2866
1952 1770
2526 162
138 1290
2808 1388
462 2217
1991 797
964 1578
1871 1453
328 2516
258 909
1117 856
514 1983
203 367
2446 2667
2397 2716
249 2447
960 1989
776 2135
882 1079
835 1989
703 626
13 123
482 2539
655 1958
1482 1162
1794 2621
1291 1555
1444 299
30 2672
1812 2241
2867 359
1625 431
142 1464
2177 676
2384 1578
462 1837
2832 502
1557 874
2425 1955
2354 1663
2670 2420
1430 82
1859 311
1482 2968
1365 1984
721 1741
741 2918
2392 515
297 1595
2633 1266
2396 1577
1970 2978
592 1803
1327 1061
1352 1266
679 160
2234 2610
165 323
1917 1565
125 87
112 2405
819 1880
235 1559
2630 723
2386 2622
170 489
2055 1238
2910 1788
2654 1243
2147 402
1440 1209
2543 832
752 1269
1817 553
2338 2123
2677 1007
2941 2721
2874 2313
414 356
387 565
1295 610
699 2872
1736 248
2036 2364
85 1981
2497 1953
2639 886
2898 1856
2192 1147
2856 1083
2305 626
410 1105
2382 1235
776 33
1885 2908
214 812
1074 1765
947 816
2431 2198
1138 362
1410 1392
904 2180
679 1698
664 127
984 2213
2571 1402
2314 314
564 2780
2426 394
2531 2511
800 1950
1400 2790
2003 281
2067 1128
1373 1210
441 2157
2855 302
2858 2488
904 181
1728 2102
1186 2116
1906 406
1870 491
1418 457
994 2168
500 2788
856 1516
969 84
1752 2796
2027 1025
2176 1771
2977 2222
1036 2286
2125 1624
1897 1400
20 260
318 1719
925 2862
860 2526
2222 1584
1933 668
699 1848
596 773
2217 2301
923 936
218 595
2163 1201
978 2980
1495 64
2897 273
90 2553
2434 338
1362 1405
2044 947
1181 2689
190 2632
251 1294
192 314
572 1417
639 1842
2812 2003
1850 1869
2035 1884
2179 952
10 1108
184 1766
2459 2906
1835 2864
1928 2936
1030 1012
271 2782
1811 1098
2189 1590
467 1218
2416 512
773 1826
1641 1519
2017 1215
1042 1572
54 609
2212 1106
2185 301
2525 553
2895 621
2319 1591
1076 746
2884 2971
2309 1733
2609 2084
2131 1698
73 2722
2353 2702
564 755
936 2946
207 313
577 752
734 2194
2147 1022
887 1192
2949 1954
2536 2097
2422 2548
2620 2722
411 850
2306 56
2377 599
1494 239
2388 173
2892 1895
943 1782
1867 2059
1693 1437
598 724
1207 178
2921 350
2143 2158
2506 864
964 2923
1317 2402
1583 2248
1069 162
285 2876
248 928
1854 2736
2634 1107
726 1778
668 1523
1386 975
990 2496
2389 2425
315 1618
1819 2625
2781 2819
950 319
1433 2371
487 1520
2548 114
519 887
677 411
2230 2607
2493 775
861 2703
1340 783
1839 1471
326 1526
2301 2362
1070 1190
594 237
2450 2034
2283 2519
1663 660
596 1049
1086 2001
2935 1168
2439 1681
2734 1329
2333 963
1507 964
1851 520
2974 52
181 815
2438 1158
2497 2625
1284 1896
1919 1101
1917 1020
1552 367
582 2172
2491 1197
1668 1360
1198 563
84 1935
2178 1719
1481 2074
783 479
1981 1103
2755 1041
418 1692
453 11
744 298
599 524
1226 2189
1955 883
2620 89
1196 455
1512 1511
1768 711
737 2248
1285 75
1951 1489
1266 2002
2557 567
2784 2869
2207 485
1337 572
32 1396
823 560
939 267
2504 2968
392 719
2632 1584
2913 612
2671 1151
2653 885
2301 2743
437 536
2204 2267
830 2109
2093 1412
662 2929
861 1596
242 166
2553 2143
1367 437
1143 2982
544 2007
1087 1766
368 992
275 433
1992 1181
1571 2116
2347 2719
811 280
1967 721
1969 996
223 1591
1817 2203
671 1607
1980 194
1016 1988
129 2349
1229 2688
2082 939
2029 922
794 1479
721 801
1829 1640
440 2416
1385 2883
2642 2114
628 631
986 911
6 345
1119 2512
1456 2082
1436 151
29 1558
1103 2755
2528 2254
399 1315
1150 2576
2474 1896
2045 372
1365 2408
766 747
725 328
1983 1612
2398 1506
1075 1343
1890 928
262 389
68 1799
188 2231
2558 2759
1569 78
1871 186
1182 1771
1457 1411
1347 2889
2122 1890
336 679
593 2893
1105 610
260 864
217 811
1256 1928
141 149
2472 2140
1028 2057
2953 1973
1974 1693
422 264
435 1250
2311 546
2021 2213
2063 2924
25 481
1126 358
1994 51
1492 1880
398 1966
528 2839
461 608
1328 629
1287 557
2689 2997
2974 2130
450 1381
2068 1796
948 1292
2821 586
2428 750
608 1392
1708 1838
2346 2574
2670 627
2668 625
2451 1550
55 1000
436 291
1477 2081
599 1382
961 2405
635 2312
1785 257
247 666
2659 927
576 2249
1638 1412
2922 395
250 2267
186 2513
387 666
1041 2973
914 1004
2715 325
420 583
1552 1545
1023 1678
619 2170
67 1777
594 171
373 2675
1989 1941
1442 2909
2394 1189
2025 2434
1319 2424
457 1339
2818 1739
1494 979
1670 2108
790 1309
2391 853
2409 1629
2856 2010
1472 172
2875 1640
733 184
2497 2753
1964 1315
1714 1637
2152 595
239 1587
2328 1186
270 1576
643 807
1461 1119
1731 1181
459 467
1062 1618
156 2529
2874 786
2947 2393
2202 2789
285 1253
1156 2431
211 875
1270 950
2696 632
760 121
1388 2166
2906 1511
2368 1247
1 110
2603 2106
1855 1221
1981 1062
2689 1796
2706 541
405 2506
1193 2419
1051 1887
717 1134
2715 1451
1563 2368
823 351
2669 514
523 635
1487 2556
2674 2375
1640 443
354 2998
1916 354
876 2744
2711 1684
2661 335
1412 1632
2224 612
567 134
751 499
600 706
2903 1988
1577 887
1356 2635
337 1981
829 1394
122 2245
1754 1422
2360 2556
1707 2471
332 2983
1450 28
2255 383
795 902
1299 2621
1339 2940
2918 503
159 1904
2080 2803
39 2487
24 1635
1395 2342
873 1001
1244 2483
1139 1157
1534 954
2903 2854
948 713
1619 1870
2733 654
1719 2361
2062 1607
1519 254
1600 1107
2882 574
1291 2311
538 733
1075 2763
1453 2759
874 1318
1659 2893
1718 231
497 272
2028 1038
1822 629
1477 58
1140 2914
2272 2013
985 1328
473 2669
190 1305
2832 979
1224 668
885 1569
389 54
1459 1352
449 2835
1698 1640
1458 2166
2953 331
1768 2141
2619 444
2610 329
2410 884
1789 1500
2642 2262
2718 1820
7 580
313 2239
153 200
2715 751
1671 919
1925 1696
1994 1419
98 791
1916 673
2715 2758
1760 2667
1144 213
1915 702
523 723
747 622
2608 2270
2391 1112
1855 119
2752 1696
1965 2433
2879 1805
855 2363
2367 1106
696 1428
2107 1822
1806 1007
2507 2950
1264 431
619 1625
1898 2053
509 2853
581 1063
1721 1864
2088 155
1865 1233
1411 477
146 2544
126 1365
192 1068
1342 1845
2040 988
1072 1289
2620 2119
1992 103
1283 1263
1212 1721
887 1123
1788 1097
2123 269
301 1836
989 2284
1831 282
232 2354
1980 638
621 40
1786 369
1763 1129
2362 1411
2100 293
89 1908
130 439
1647 1368
994 1200
2887 2826
959 2741
206 1522
2162 1615
2200 2273
1521 434
1311 1989
1118 2056
1357 2584
2178 119
2948 1822
2258 1728
2051 783
2776 2729
2044 2273
2412 2149
804 1498
1749 682
2331 516
2970 2667
1765 1666
1862 2432
2064 170
692 515
1279 100
655 1580
2685 2377
2718 976
2878 1687
2301 852
1291 2821
1807 1168
2900 82
1939 1402
2860 227
1845 2409
47 1396
1798 2212
143 2270
2430 113
2119 546
721 586
783 2341
1416 189
1306 1837
1410 2050
2700 2875
2923 523
1111 1873
2139 2967
560 1238
2457 2407
998 1728
2034 318
499 2321
2197 450
111 813
2369 1424
1104 618
601 351
2806 2241
1807 2242
398 2636
2278 1076
1269 2889
1956 888
1624 542
328 2831
2610 1181
201 2582
1206 2762
168 886
757 1114
214 61
1097 1983
1528 1278
1587 1698
2586 564
1939 1712
706 2989
2550 2703
2087 125
292 1234
1290 144
1074 2300
91 1212
1990 138
599 1685
1066 620
2872 1219
98 1157
302 1386
1129 496
5 2137
2457 1886
582 1557
25 1917
2459 2622
1460 2355
1181 945
1624 116
1496 168
1932 2168
754 2640
2014 1825
1816 1297
2563 1731
337 923
2880 2716
1783 1223
2441 1814
2131 371
576 2387
2928 1771
376 2585
2227 2132
1458 1526
2529 858
2696 981
1746 2141
2080 2481
2517 2679
300 938
1059 1969
23 1694
336 143
1266 2330
1816 1161
281 993
510 180
175 707
355 1968
1745 1073
2605 1442
1369 809
230 2717
482 1598
2071 1965
2236 1185
2740 2437
1016 325
937 2593
198 1367
2949 2182
1260 1405
918 673
347 2986
878 781
693 1703
2461 1225
857 1595
638 657
2938 1973
270 2667
1188 1521
1195 1837
281 2994
1625 2790
83 2040
1155 290
603 2554
559 754
2730 1253
2115 731
709 2541
1831 2261
2718 387
2251 2151
673 1200
2603 1817
1788 866
2784 1747
1747 2877
1296 1628
659 635
2832 2477
2597 1390
2466 679
1821 1285
234 2346
1475 509
613 1056
2329 2874
356 921
1111 1359
2485 2896
1092 315
2947 2341
1310 404
1079 221
1244 2776
695 495
2337 1889
2902 1384
467 2729
2179 2682
405 1855
1863 96
2258 1456
2857 1053
2948 2554
2724 1294
1508 372
2365 2629
906 2802
2493 2895
2814 1032
997 2232
1888 2821
1291 1022
1102 1178
1439 2467
1884 10
2331 2551
1889 1333
1899 2469
2615 2680
2361 924
2027 1647
1868 218
902 549
290 2196
2699 2611
1844 2408
1050 975
2985 495
1812 1327
1581 2421
1336 503
1467 2571
2726 2951
2473 688
282 425
827 147
298 457
1763 779
1707 2686
2079 346
578 2360
115 576
359 866
1265 1620
38 1513
1718 1169
1617 1350
1879 990
2392 1097
2115 2525
2387 2198
251 1001
2321 2693
431 2354
1465 1972
2699 2323
786 535
466 1350
854 1331
874 430
1340 1784
2504 2397
2622 1358
101 1159
632 1729
138 1166
1571 2967
2455 2280
1216 720
106 2510
2520 728
150 1550
1244 266
2170 1947
1081 2237
1180 2171
1398 2523
2677 2626
1985 591
1367 1806
2078 1679
2469 394
2977 1723
889 686
1223 2245
2491 2951
1024 2529
1129 899
1760 391
738 1184
550 1934
1248 77
780 523
2517 441
1536 138
2300 947
1946 2956
2276 521
255 1715
3000 1213
2701 1914
675 1213
561 2512
491 458
1957 318
1298 2707
2278 2566
2373 2827
101 751
1078 1560
2916 1647
1757 278
339 1208
2575 2763
2323 982
1629 1228
2596 247
1753 2896
1754 764
1556 531
2653 1400
1987 2998
1017 1302
939 1781
1170 2048
1034 2001
196 2485
1985 1943
2715 954
2159 1864
1999 1589
1775 618
2274 406
2133 200
428 470
2268 1406
1246 1396
2020 600
1022 2102
1098 2818
2379 2661
1297 2378
2490 813
1928 2070
1648 2427
899 2936
209 1087
1902 185
152 1724
2303 1925
1679 302
36 1515
489 939
2389 1656
1519 1413
1627 964
1240 15
1625 1909
1876 1582
690 235
603 194
212 692
2777 357
403 248
1838 180
1760 1167
2339 2723
963 1810
2254 301
1703 1680
2002 2244
765 2762
385 870
556 1873
404 1769
2608 2230
2396 232
56 1138
569 1999
1829 2039
523 387
1079 1391
2744 2686
2313 459
1069 1465
809 1711
2472 322
377 668
1797 1697
705 2382
2928 70
873 2295
2963 1461
1473 2651
184 172
1428 774
984 372
1684 1891
1661 1934
1743 2543
278 1216
1867 693
1593 704
1094 1658
118 2073
233 1916
736 1044
2909 423
823 136
1511 2904
2725 2293
376 1117
654 1029
1704 1028
435 4
1676 1124
1880 817
1653 330
373 702
1636 1852
1570 749
1611 1251
622 2435
1301 748
1690 458
600 471
1729 1569
2778 1717
1851 2198
2186 1299
1610 687
2625 1252
1460 1405
2416 230
1483 1883
2955 2891
2730 2350
319 2531
649 2084
328 928
2322 266
1646 2690
2076 1697
897 1900
943 592
882 1727
2698 2568
1332 2653
2490 988
1251 2297
1636 607
2700 1325
1597 1443
989 732
2848 2783
1662 2065
1368 272
2401 2799
1542 700
1461 979
1724 1795
2161 2703
1019 2951
471 2041
1330 2285
2567 1267
1744 259
2142 2691
1989 2165
1958 2126
988 1651
208 2945
2363 366
2159 2568
1174 1323
2591 1714
1105 1102
2934 453
1324 2235
2642 2574
156 2584
315 2012
2527 2247
2017 742
840 899
2409 2121
1341 2833
493 2102
2429 2842
1530 2132
2061 1101
1638 1082
1813 146
1657 2264
2871 2308
1835 1862
31 887
1991 164
601 234
222 1676
2511 366
2607 1189
1682 2961
45 1754
572 1100
2665 458
724 1363
2578 2273
2233 2502
1099 1559
2186 547
276 496
677 1831
1403 1260
926 677
2884 2911
2642 2926
2054 1403
757 2458
249 1100
921 2717
29 1348
2953 1925
2852 2929
2869 2619
2803 60
2534 424
580 2283
1628 1162
2672 1362
893 2288
1755 1845
1065 882
641 897
812 2772
1952 20
956 2445
1397 1201
508 162
59 672
576 352
2929 1318
2378 1131
1828 2945
1541 2800
2229 439
1631 1570
284 2560
196 1411
493 2408
1832 144
2930 1378
45 1371
1321 1713
191 707
263 2808
332 1198
2645 1485
456 2418
491 489
495 609
1514 988
1308 2051
2078 582
1570 2328
1820 1505
1537 1534
655 2021
140 2295
1433 2948
1464 447
1153 1624
231 829
1664 1545
2006 2760
1505 67
1852 1252
2584 871
2292 2516
977 193
76 626
141 1587
687 2229
1992 2712
1848 2355
1678 338
369 2599
2880 1856
490 1020
545 850
1005 955
966 815
1162 641
270 250
1687 2773
214 120
1490 2168
1752 1653
1474 1774
1268 1192
2362 396
543 1308
144 331
2292 2456
445 2492
1393 1280
1397 59
899 2085
2794 1025
2948 420
2636 421
2948 2539
1476 459
1797 2769
593 968
1740 1422
530 1373
1293 1720
1765 2370
2630 2359
1784 300
2319 84
1630 1154
255 214
772 828
2307 1508
252 317
35 1074
1746 2947
429 1598
781 1172
1055 1810
1016 644
2039 2967
946 236
596 1415
2315 2749
2051 2340
424 805
683 1680
472 1113
114 172
2615 2108
491 869
1971 1951
1648 2172
438 2466
2325 748
1372 1745
2437 2505
2205 1706
2057 2455
1965 942
1093 2729
466 1679
757 252
390 2817
2913 203
309 699
1029 2212
2105 1664
1996 2514
540 2025
2822 77
805 2549
919 1463
2960 1044
1034 2064
2319 160
1262 996
2413 2389
2215 2843
1373 2819
560 993
1958 786
1288 2375
522 1989
27 858
727 2209
2283 2315
1341 2408
2766 959
201 1609
2785 1200
2241 1395
149 1483
961 1882
489 1115
390 640
2456 1462
2849 2552
1069 1382
1183 399
908 1659
678 2243
603 735
890 1241
2801 251
1353 2714
957 112
1555 438
1962 1600
1006 820
2937 1949
2065 1671
1080 1666
1080 741
2402 634
703 2077
2816 1045
810 303
838 826
2485 681
856 425
2111 998
1126 2960
2901 793
1150 353
1716 195
2081 906
2070 1714
2457 493
2177 586
1946 585
1516 2848
1541 673
2276 1124
2741 2755
2278 2463
380 1403
1677 822
2333 1657
2038 2606
2240 1120
2994 2488
1673 2529
501 1742
2385 1896
2245 1647
2050 68
1708 1407
1117 565
729 1467
2991 1137
2236 1268
595 1936
681 642
1241 793
2847 2890
1840 572
2482 1971
319 2809
2573 2837
515 2657
2284 1971
1996 436
1720 1859
656 2578
2028 2116
964 1878
2288 1111
2272 2608
2332 865
2978 2177
2096 840
1566 445
1786 171
1629 724
1319 2255
1036 929
101 863
759 487
1112 1716
581 1632
2836 2342
2428 257
2411 1721
1024 2602
2270 2459
369 1834
2137 1285
883 379
2323 2641
603 2161
659 2659
686 160
705 1419
475 2703
1564 1129
2628 16
1016 1977
384 306
1467 2698
709 168
2407 1418
1397 2003
1210 2700
1030 2309
1172 492
1399 760
2937 586
744 1935
2913 1294
2745 314
876 2659
1541 2312
1401 1878
456 504
440 513
2566 921
2623 987
1974 2371
2442 2731
1560 1005
1223 1557
1411 2377
1777 979
338 1364
1203 328
791 2234
2199 2273
1913 2242
2399 1157
1498 2317
2436 2583
1308 541
69 2209
941 2844
11 2130
336 2066
562 2227
1190 1316
1226 2191
837 929
2095 994
2304 2358
1574 2276
647 1588
1314 2949
2760 1888
1141 1195
1494 2308
1866 1609
297 541
1283 827
2766 461
782 151
1681 1561
1918 2214
1456 1477
1079 1948
2665 798
625 451
2423 1432
1257 2183
417 1346
901 46
2764 2799
870 1814
1042 2030
1211 1155
338 2220
979 1
58 616
139 1679
2723 615
145 2173
884 1578
2400 455
1465 757
310 1042
2110 497
2178 2471
766 2724
2209 1630
2033 1863
2867 2093
1781 440
985 1240
2891 2665
994 627
710 2857
1791 2142
968 2242
995 48
1614 1075
55 2735
869 1902
2021 2215
1461 1860
2979 2961
1820 1040
2674 2486
974 1353
1368 1357
1212 572
2011 1273
2266 242
479 118
1318 1246
929 1701
2950 2033
277 2262
1192 2569
2133 1893
120 1815
779 433
1422 777
1714 129
502 1488
431 2559
1212 1490
301 170
87 714
178 1158
725 2566
308 1759
631 2577
568 1878
1967 186
1036 2834
1863 2798
2947 995
2244 2970
881 1916
99 1971
2983 1151
243 1945
1330 1813
643 2745
2359 2805
2749 2322
2354 2437
131 18
1487 2095
1544 1194
1672 934
2515 847
2321 1322
2392 267
2496 1919
2207 2532
2568 924
889 986
216 1107
2488 407
696 628
2806 2386
2948 1896
2697 2964
1796 755
1205 479
570 2800
819 68
1710 1643
2665 532
2695 2619
418 2193
2002 927
359 1110
432 2291
181 1372
667 2755
1777 1846
785 935
1194 159
293 647
2622 2611
2378 145
1223 2931
1193 681
1487 773
2501 600
2794 1116
2533 768
1092 2491
2034 2086
899 144
2953 801
469 471
2451 459
2956 875
2747 1662
929 2676
1864 1856
2560 1974
1820 482
2283 287
1828 389
17 1755
2448 1310
384 1827
269 316
1824 1827
202 2175
82 1011
1880 315
705 521
198 2405
424 2444
1915 1462
2901 332
2141 2046
100 2048
170 155
2774 2168
773 1441
300 2957
2667 2444
1222 2053
2870 308
817 667
665 2760
1633 2335
2654 2047
1635 1362
1541 898
934 205
1445 238
1218 482
1912 937
1602 2010
498 1075
526 472
178 1343
2133 359
1844 1889
729 2624
2750 1386
1083 86
2626 1242
176 1398
1868 1741
356 2160
2524 1338
774 1995
2022 184
580 1
1888 1377
681 1182
875 1292
2212 1575
54 2629
106 1744
2895 496
103 215
2828 1438
2665 2431
609 2439
2941 2831
2906 2489
1671 1445
2659 287
2796 2461
2943 846
2842 342
414 2980
1587 134
1626 1801
2397 2109
2820 1267
2893 2920
2778 2108
645 1327
2900 383
244 681
855 2324
1669 2902
497 1207
187 2774
2862 2928
251 2656
2571 1198
1002 1069
1961 165
1745 1550
1524 1282
1358 307
2965 748
1285 1165
1924 1838
2662 1542
1370 730
993 1888
1934 1616
767 1692
422 2399
1075 1044
777 1451
2978 2706
427 2504
1918 2043
2664 998
2553 2238
2076 1877
1752 2473
1059 475
1605 1774
956 1156
2794 2906
1883 2825
2795 1799
2296 1292
1643 410
282 579
2345 1743
2663 2395
2685 2083
2784 2814
774 1483
1609 2040
2838 2763
263 1375
1328 1642
2621 2305
1152 1908
2216 19
2372 1975
2730 127
514 106
1756 365
1250 2475
279 669
973 848
1012 235
398 1873
1258 1804
1567 692
2313 721
1863 704
1109 1138
2076 1294
1853 2789
148 2236
404 2519
2640 164
2920 2465
378 2726
617 2183
102 729
1596 1173
1575 535
1225 226
1820 2970
1713 2410
1555 585
1364 1407
2500 448
1370 2136
1082 1895
40 1804
901 137
2917 1945
1499 1455
2062 352
2856 1334
1671 483
2076 1503
2444 2458
476 2222
2711 1442
59 813
1905 1887
2291 1970
694 699
2910 1398
1556 1344
106 255
245 2274
2388 2456
1430 2313
2716 2719
959 2590
1906 2104
123 371
575 752
1282 1224
1808 445
150 2379
1006 372
1874 527
1217 722
2378 2289
1294 1431
1750 799
1902 2352
1809 761
2785 1924
834 1629
1923 1498
2904 1862
2086 385
2683 1572
80 2903
2321 474
1599 1454
78 308
2362 1444
200 815
593 1098
938 269
2976 63
790 1881
2168 2670
2257 377
1990 445
1233 618
2368 623
1594 1943
1701 1909
378 1717
253 392
1826 1369
2249 274
2918 123
1900 366
359 2383
1554 1645
2935 185
823 2427
1843 1481
2588 1305
1528 351
1013 1188
1047 1433
503 1317
2019 2515
2544 651
294 982
631 2454
934 1668
966 797
989 403
660 2986
1538 904
944 2348
2026 998
203 2734
2403 31
774 2014
658 1313
2700 1281
1139 997
1977 837
473 2988
2267 2591
2919 1931
1543 933
2926 1306
1863 2039
1936 831
1883 802
1124 159
1406 1988
2051 2416
1330 487
1467 2960
1982 320
441 2082
519 2079
12 707
997 588
512 952
2008 2768
2849 2939
1810 1586
2128 1013
2686 2371
2114 301
2538 692
559 2522
2057 206
1329 462
1652 2250
830 2947
762 418
1911 2795
974 487
1322 258
432 2277
2557 2558
1694 2548
2460 755
2795 321
1788 1936
793 2764
361 2158
2724 1755
2525 242
559 22
714 1792
1299 644
2290 1850
2124 2391
997 2634
351 1884
2507 293
1713 2606
2402 2920
882 2202
1826 1983
1370 1493
2783 1155
2794 629
1383 1668
2558 654
2005 144
1345 1999
2389 2347
2458 2236
2153 1959
157 1925
2971 981
2453 574
771 2629
2009 1712
260 235
1549 1232
194 835
963 846
1887 981
2889 1225
1351 1716
2812 1402
2799 2164
1525 790
2141 298
11 1791
2876 1265
506 101
815 2026
2170 1993
9 1891
2923 2395
234 75
15 1565
909 61
2264 415
2367 1315
1309 1756
234 1589
191 421
1819 2811
928 2252
504 1799
6 668
286 1046
2821 2479
114 2560
2627 304
2975 1781
1735 1234
1136 2963
2012 1504
174 1470
1835 2719
2060 1016
863 2329
2545 1377
389 596
2253 1271
171 586
440 1345
2808 745
2341 1806
2761 1345
2298 2445
913 1384
2236 605
1932 1805
2622 2322
462 2546
1262 314
880 204
3000
801 2980
644 2151
761 2771
268 2092
677 2650
80 2202
58 2885
671 2514
345 2226
704 2342
353 2109
465 2874
526 2884
512 2612
418 2296
655 2780
732 2753
781 2425
846 2119
499 2026
899 2696
317 2911
849 2253
290 2355
907 2219
789 2236
90 2091
405 2429
868 2129
401 2840
373 2501
208 2853
982 2628
192 2105
812 2188
366 2959
643 2402
197 2240
794 2420
938 2947
712 2526
872 2379
951 2734
583 2700
663 2966
675 2115
551 2541
841 2737
976 2453
989 2638
50 2034
834 2837
468 2328
826 2844
821 2906
903 2265
416 2227
8 2516
288 2597
336 2039
552 2731
532 2006
382 2287
364 2199
65 2699
403 2761
337 2953
842 2348
398 2818
194 2204
635 2703
513 2261
372 2345
607 2447
230 2642
736 2471
406 2544
757 2977
76 2245
319 2911
833 2552
19 2337
688 2569
365 2691
385 2768
878 2695
19 2131
527 2168
91 2298
963 2330
448 2995
127 2531
489 2541
486 2779
457 2157
755 2595
257 2282
845 2590
431 2514
346 2970
774 2089
877 2286
766 2518
282 2121
13 2444
725 2456
462 2186
821 2500
529 2177
278 2828
123 2865
687 2104
240 2947
169 2105
974 2748
466 2106
140 2783
241 2768
283 2288
10 2537
275 2001
892 2702
801 2677
866 2097
415 2694
743 2365
988 2143
173 2112
382 2385
239 2522
270 2703
909 2154
683 2561
440 2598
218 2801
983 2039
940 2967
122 2006
71 2101
813 2786
194 2114
143 2453
740 2936
931 2730
444 2221
582 2144
582 2211
827 2451
604 2990
299 2751
603 2585
745 2460
232 2823
653 2200
195 2490
951 2240
146 2247
631 2821
145 2356
258 2279
881 2864
920 2331
950 2503
643 2540
726 2888
994 2867
711 2335
39 2143
304 2674
382 2475
98 2277
72 2411
944 2683
943 2484
53 2684
650 2590
77 2040
555 2572
495 2749
287 2710
801 2157
821 2411
125 2149
347 2872
538 2334
21 2848
94 2596
704 2153
955 2336
166 2587
551 2598
339 2936
345 2958
376 2178
880 2515
117 2224
814 2415
964 2206
277 2289
419 2712
177 2708
938 2461
966 2216
110 2837
939 2132
46 2401
576 2947
60 2100
924 2450
694 2821
849 2771
534 2554
604 2900
190 2669
840 2189
976 2631
690 2484
853 2517
115 2073
292 2340
889 2784
677 2254
143 2979
287 2075
982 2292
175 2302
923 2419
442 2149
11 2333
924 2575
101 2447
10 2875
711 2366
605 2878
948 2270
520 2680
956 2789
276 2603
740 2646
994 2828
383 2884
833 2477
933 2533
944 2201
268 2986
174 2293
356 2833
480 2903
799 2610
155 2696
489 2081
35 2457
452 2729
179 2263
7 2531
662 2303
384 2338
805 2865
255 2583
650 2108
765 2683
836 2086
982 2513
84 2912
211 2256
815 2019
234 2945
45 2406
385 2901
306 2107
57 2620
203 2421
704 2390
347 2274
346 2442
438 2017
897 2032
158 2738
666 2056
20 2544
361 2663
785 2488
296 2702
566 2543
460 2689
233 2670
617 2368
104 2845
223 2719
835 2409
437 2455
389 2045
141 2425
275 2698
872 2502
993 2951
363 2673
617 2567
330 2359
813 2093
772 2029
655 2545
191 2326
287 2680
518 2631
765 2029
608 2060
855 2522
747 2806
909 2005
376 2219
443 2492
721 2981
751 2383
304 2862
739 2256
650 2105
621 2683
828 2520
174 2309
92 2677
752 2559
948 2634
691 2520
586 2135
666 2292
803 2815
777 2271
938 2762
978 2352
195 2018
800 2206
45 2421
531 2396
887 2837
694 2789
378 2192
765 2710
855 2489
187 2086
459 2924
811 2550
16 2298
677 2601
142 2282
675 2019
826 2106
956 2634
605 2264
905 2357
808 2100
279 2455
966 2066
124 2859
580 2337
669 2244
396 2237
887 2596
960 2540
789 2001
389 2051
410 2287
333 2039
135 2129
442 2940
687 2830
808 2070
792 2547
146 2969
341 2669
608 2290
970 2227
287 2153
864 2373
426 2885
34 2040
199 2135
567 2885
861 2898
768 2565
61 2304
100 2670
182 2908
675 2354
902 2127
440 2700
45 2395
122 2243
252 2306
828 2418
678 2077
300 2421
253 2148
881 2668
169 2161
25 2022
661 2763
561 2093
2 2404
566 2372
608 2778
404 2337
234 2870
429 2778
337 2879
988 2394
596 2492
211 2897
159 2491
513 2853
25 2013
344 2091
370 2511
302 2908
653 2287
74 2536
106 2483
34 2091
903 2794
699 2994
752 2535
368 2789
605 2441
662 2659
451 2117
208 2943
510 2270
134 2036
477 2522
443 2818
830 2989
79 2062
395 2050
250 2067
253 2486
171 2027
633 2332
416 2684
672 2942
286 2643
363 2456
292 2642
14 2917
771 2866
733 2326
992 2047
541 2038
965 2838
404 2608
860 2960
867 2364
894 2524
810 2500
164 2518
309 2106
916 2994
286 2565
285 2407
244 2104
902 2100
282 2697
772 2252
338 2434
83 2266
524 2067
24 2059
801 2546
116 2342
277 2896
299 2628
109 2980
190 2600
541 2980
525 2126
445 2152
681 2931
733 2500
265 2145
86 2041
291 2487
771 2124
790 2547
496 2554
125 2543
489 2624
326 2869
975 2317
180 2555
911 2789
466 2509
179 2780
226 2830
621 2616
69 2797
424 2427
179 2319
393 2259
21 2432
631 2074
641 2706
295 2341
405 2762
819 2966
1000 2702
340 2632
454 2327
317 2646
162 2942
874 2707
369 2872
841 2792
844 2858
263 2272
6 2779
734 2732
655 2613
238 2485
280 2418
402 2245
960 2622
164 2165
415 2009
739 2805
849 2690
652 2758
5 2931
367 2272
582 2870
252 2442
617 2852
878 2246
664 2024
558 2281
119 2773
259 2875
413 2805
952 2363
934 2581
942 2481
382 2170
740 2001
168 2589
812 2939
496 2174
857 2907
846 2433
910 2577
132 2676
120 2273
369 2892
774 2977
143 2555
431 2988
946 2891
197 2297
363 2759
153 2220
404 2590
64 2960
892 2487
268 2282
340 2437
294 2317
795 2512
554 2485
440 2199
571 2069
974 2847
258 2047
741 2146
89 2815
126 2040
532 2751
375 2735
554 2977
576 2044
375 2270
565 2133
734 2458
589 2524
583 2797
786 2172
891 2376
466 2401
783 2867
493 2914
976 2994
512 2038
516 2481
634 2720
26 2028
325 2818
458 2593
871 2387
15 2696
721 2073
156 2568
520 2190
749 2522
146 2914
752 2098
499 2124
68 2961
97 2056
369 2780
853 2600
536 2323
723 2459
259 2985
731 2423
1000 2591
905 2103
923 2248
105 2450
706 2531
816 2057
373 2866
871 2295
117 2781
425 2839
51 2871
287 2255
684 2700
250 2663
684 2272
969 2288
562 2407
51 2460
155 2300
127 2282
633 2594
242 2711
780 2621
913 2772
649 2383
79 2642
219 2994
82 2926
847 2472
961 2797
101 2292
64 2926
420 2808
344 2739
820 2971
288 2838
250 2841
697 2499
271 2593
512 2562
274 2397
77 2162
920 2636
500 2676
785 2048
881 2205
500 2903
546 2106
70 2626
471 2273
119 2295
645 2397
749 2031
956 2558
837 2800
910 2962
911 2856
241 2837
666 2911
926 2234
960 2306
234 2512
339 2047
133 2955
320 2324
322 2609
875 2622
142 2831
707 2092
997 2159
399 2576
465 2163
257 2960
596 2318
130 2873
96 2383
222 2759
52 2245
769 2149
130 2426
291 2840
823 2264
608 2322
843 2837
707 2655
602 2158
36 2506
194 2181
87 2078
670 2531
679 2436
865 2268
194 2855
567 2981
335 2721
193 2134
878 2740
104 2272
999 2545
628 2006
645 2218
220 2548
524 2726
697 2393
721 2976
726 2308
841 2294
211 2624
813 2674
515 2199
276 2059
866 2216
593 2994
563 2337
191 2997
336 2755
498 2211
875 2832
104 2924
925 2534
791 2591
766 2762
609 2392
996 2315
22 2232
367 2428
760 2707
812 2239
189 2504
336 2674
256 2164
88 2091
249 2004
255 2027
870 2804
720 2933
706 2794
60 2444
598 2994
669 2030
917 2713
100 2867
652 2297
49 2059
265 2576
297 2475
426 2319
660 2687
730 2827
87 2820
153 2622
808 2277
721 2859
81 2186
424 2149
566 2584
530 2469
658 2460
974 2245
711 2661
197 2448
284 2141
94 2054
180 2966
318 2617
837 2644
438 2954
502 2847
637 2457
341 2725
559 2455
375 2618
814 2252
25 2664
680 2447
823 2389
674 2761
947 2047
652 2441
432 2552
164 2711
935 2906
911 2088
2 2282
261 2428
319 2845
476 2529
672 2131
192 2445
384 2838
650 2423
992 2946
462 2323
596 2082
578 2408
15 2590
268 2843
854 2759
683 2935
860 2815
785 2779
697 2233
270 2771
384 2252
168 2442
657 2391
227 2404
716 2092
340 2343
352 2805
122 2363
187 2888
406 2454
498 2330
258 2889
747 2036
641 2224
497 2625
734 2668
792 2932
327 2425
802 2402
147 2480
841 2715
929 2195
302 2824
155 2034
786 2308
435 2384
811 2419
141 2661
456 2132
574 2802
872 2430
355 2422
600 2715
260 2124
212 2464
74 2986
873 2833
631 2192
504 2652
477 2933
309 2613
218 2337
704 2643
923 2978
899 2645
943 2560
550 2567
781 2856
560 2274
639 2057
87 2144
137 2809
130 2283
925 2278
284 2313
121 2123
67 2848
468 2489
594 2753
732 2890
108 2479
812 2643
459 2933
356 2506
312 2873
217 2986
59 2450
623 2623
588 2731
836 2100
707 2806
974 2454
798 2495
440 2416
633 2318
17 2459
467 2363
397 2132
798 2095
353 2995
919 2367
753 2837
263 2903
980 2882
577 2505
162 2172
573 2339
157 2021
820 2090
934 2861
709 2041
761 2766
248 2920
387 2273
969 2669
203 2733
726 2740
87 2635
876 2999
121 2595
8 2987
554 2477
418 2401
716 2007
806 2992
830 2202
214 2907
268 2748
74 2062
854 2483
410 2480
34 2143
501 2801
836 2645
275 2440
116 2554
984 2924
433 2095
49 2615
861 2382
84 2225
785 2518
275 2643
379 2587
458 2366
876 2578
762 2023
903 2968
596 2717
999 2761
801 2677
736 2104
426 2185
305 2577
244 2189
728 2128
334 2870
766 2288
526 2649
557 2716
728 2232
311 2542
936 2611
793 2201
19 2248
512 2512
609 2363
138 2835
374 2701
217 2877
513 2700
379 2551
356 2366
53 2394
565 2838
426 2191
636 2651
398 2296
814 2460
616 2155
129 2283
231 2666
50 2900
948 2428
220 2525
993 2345
873 2540
112 2201
301 2282
239 2650
265 2097
842 2316
286 2975
618 2389
546 2296
981 2692
104 2534
485 2319
979 2896
717 2579
779 2843
306 2735
76 2772
310 2951
442 2009
691 2274
698 2291
54 2411
365 2685
530 2312
254 2057
654 2693
78 2072
449 2807
221 2702
926 2768
684 2127
603 2269
145 2972
126 2689
171 2532
857 2416
975 2723
5 2116
986 2316
238 2952
560 2423
334 2054
236 2097
76 2330
640 2646
982 2259
456 2744
644 2268
538 2157
335 2391
768 2730
730 2094
178 2978
800 2855
845 2533
158 2365
57 2281
642 2759
650 2866
165 2023
532 2265
453 2635
732 2654
269 2757
517 2086
177 2281
865 2539
613 2794
121 2847
5 2068
222 2591
19 2543
376 2031
668 2040
743 2530
524 2424
1 2607
603 2266
739 2946
95 2926
779 2264
516 2599
445 2256
354 2869
893 2331
351 2282
589 2106
860 2341
351 2746
123 2217
365 2297
273 2004
582 2390
625 2999
124 2995
282 2368
828 2402
217 2673
150 2073
882 2143
782 2405
491 2275
233 2055
961 2321
84 2778
720 2090
642 2505
381 2866
620 2384
406 2306
350 2074
68 2075
832 2188
535 2615
666 2468
899 2304
579 2325
11 2374
332 2238
755 2209
880 2149
25 2779
895 2847
823 2820
355 2261
994 2906
770 2814
239 2975
766 2287
423 2785
642 2820
656 2208
118 2252
422 2690
412 2581
913 2135
83 2934
73 2956
260 2613
887 2304
139 2972
366 2537
856 2439
890 2396
575 2107
224 2631
5 2326
14 2647
893 2625
932 2889
354 2839
187 2625
5 2106
589 2077
296 2914
942 2696
452 2910
193 2253
432 2230
661 2602
940 2263
746 2848
109 2548
311 2581
209 2093
678 2649
461 2889
106 2377
693 2923
463 2845
613 2527
363 2002
349 2210
307 2895
978 2899
505 2257
42 2579
493 2222
656 2406
266 2602
338 2511
187 2203
855 2974
277 2789
700 2081
510 2286
473 2515
910 2167
88 2752
237 2856
557 2445
685 2424
804 2160
362 2016
703 2947
839 2005
520 2480
219 2336
542 2387
620 2894
83 2019
474 2742
29 2839
47 2071
659 2857
670 2542
587 2764
10 2105
881 2549
176 2581
194 2739
71 2952
266 2343
926 2846
883 2322
832 2124
96 2153
796 2807
481 2282
623 2458
95 2588
758 2146
138 2809
830 2699
432 2266
991 2519
193 2783
849 2074
593 2884
925 2854
126 2027
687 2847
35 2876
843 2855
988 2989
493 2545
627 2754
45 2180
867 2659
579 2541
354 2577
720 2516
580 2134
765 2866
717 2400
223 2728
639 2181
276 2599
934 2555
375 2816
992 2463
362 2642
225 2602
540 2940
85 2755
465 2601
279 2951
506 2741
426 2977
332 2530
126 2394
525 2156
374 2216
692 2548
23 2535
385 2936
123 2032
941 2302
895 2892
642 2202
690 2360
542 2781
111 2838
421 2218
388 2087
533 2896
44 2579
230 2610
170 2229
881 2334
808 2135
255 2944
294 2689
790 2172
78 2825
984 2366
928 2866
108 2155
954 2197
929 2452
474 2833
664 2965
431 2178
130 2578
988 2907
330 2693
63 2652
836 2656
377 2945
709 2606
254 2881
53 2080
240 2026
843 2425
183 2429
959 2265
812 2942
638 2442
518 2392
249 2868
909 2530
71 2065
228 2589
133 2136
60 2977
651 2355
103 2211
569 2776
578 2647
897 2232
143 2141
366 2266
418 2502
606 2125
970 2860
236 2072
362 2740
217 2826
89 2730
316 2536
151 2016
39 2107
113 2711
948 2438
622 2666
40 2152
682 2990
935 2847
427 2426
32 2055
259 2735
202 2797
670 2766
655 2447
325 2300
248 2024
345 2959
378 2413
435 2022
231 2066
564 2146
583 2394
920 2303
841 2184
561 2522
997 2368
57 2607
188 2973
736 2202
586 2642
655 2730
490 2016
155 2221
482 2299
262 2991
921 2747
555 2208
615 2332
177 2385
260 2773
194 2652
51 2904
772 2351
160 2775
887 2999
520 2217
536 2197
528 2552
285 2883
713 2419
754 2442
450 2051
28 2331
303 2279
276 2515
224 2357
519 2811
597 2903
619 2277
480 2234
500 2166
515 2686
696 2620
13 2616
255 2615
511 2831
111 2945
179 2632
375 2892
359 2179
779 2253
998 2234
919 2580
576 2773
712 2673
508 2096
375 2375
707 2727
527 2896
518 2815
705 2148
322 2293
197 2273
395 2164
268 2554
807 2679
516 2832
5 2019
828 2905
14 2858
737 2804
226 2191
896 2120
774 2654
996 2360
317 2007
162 2872
212 2199
683 2948
546 2101
803 2877
216 2293
520 2691
597 2807
564 2322
942 2366
814 2677
84 2136
566 2491
406 2481
504 2860
609 2831
507 2003
252 2643
979 2697
313 2684
659 2014
233 2468
863 2319
55 2552
104 2726
8 2441
337 2508
921 2796
779 2936
674 2857
492 2221
754 2710
740 2350
59 2818
923 2225
999 2474
173 2708
283 2356
48 2643
354 2684
472 2605
333 2930
201 2258
274 2657
277 2262
891 2366
365 2939
577 2390
749 2848
864 2388
932 2979
372 2045
265 2296
868 2204
389 2032
398 2725
116 2576
420 2547
269 2863
142 2152
925 2101
216 2224
502 2325
293 2629
238 2489
139 2185
853 2384
593 2526
975 2009
502 2734
628 2133
252 2673
68 2542
550 2170
142 2466
149 2569
938 2982
585 2351
318 2363
582 2508
335 2162
205 2137
40 2071
52 2061
463 2368
545 2528
318 2802
907 2154
247 2840
777 2617
692 2955
152 2444
422 2489
246 2067
196 2246
52 2588
519 2347
156 2180
115 2417
536 2114
9 2556
667 2876
674 2640
51 2734
694 2093
775 2102
759 2659
397 2633
599 2332
528 2092
489 2445
936 2747
87 2347
170 2578
904 2005
522 2397
780 2813
318 2464
722 2918
69 2838
33 2822
687 2011
454 2953
63 2776
47 2586
766 2314
357 2872
466 2954
527 2362
199 2067
268 2931
420 2710
529 2508
257 2149
685 2189
968 2906
544 2602
42 2662
323 2118
19 2761
460 2376
377 2557
624 2416
264 2121
143 2417
42 2015
506 2964
797 2101
896 2601
557 2420
58 2980
756 2162
91 2673
143 2240
716 2713
835 2332
655 2496
87 2277
922 2477
652 2784
894 2127
739 2493
953 2919
685 2937
105 2642
833 2235
306 2260
65 2150
425 2332
70 2633
186 2738
238 2713
567 2794
171 2633
82 2894
109 2959
558 2237
946 2671
680 2749
277 2372
803 2546
13 2187
165 2740
992 2894
188 2467
984 2129
325 2938
116 2447
254 2245
210 2651
442 2483
580 2982
101 2082
96 2956
729 2221
924 2805
224 2350
338 2500
338 2877
792 2274
834 2092
124 2185
388 2265
822 2864
122 2649
334 2057
608 2805
399 2973
772 2822
932 2619
410 2776
443 2723
950 2384
591 2638
499 2334
882 2650
708 2586
506 2422
209 2182
867 2842
700 2935
982 2213
621 2163
832 2836
243 2282
510 2870
3 2829
576 2400
454 2640
100 2161
894 2751
676 2469
809 2146
922 2867
282 2361
691 2511
172 2854
906 2949
792 2534
375 2258
305 2573
895 2547
294 2076
229 2354
328 2933
273 2565
900 2513
449 2429
187 2334
781 2479
680 2683
199 2085
770 2055
402 2195
707 2173
147 2249
568 2936
534 2963
802 2118
234 2963
515 2439
295 2282
5 2443
702 2313
544 2070
266 2850
139 2539
686 2798
149 2473
311 2813
916 2544
732 2064
62 2970
115 2295
550 2835
885 2081
849 2927
197 2375
825 2878
565 2384
473 2865
337 2276
435 2993
608 2664
551 2709
785 2372
940 2552
106 2278
172 2868
407 2653
299 2314
104 2117
512 2757
19 2846
320 2129
397 2996
150 2359
571 2684
79 2926
422 2484
870 2186
822 2536
803 2148
478 2484
634 2413
720 2550
545 2851
42 2799
809 2415
650 2094
113 2717
718 2747
871 2481
783 2172
321 2586
207 2378
587 2920
896 2673
569 2957
679 2059
304 2750
449 2434
520 2022
12 2104
396 2751
217 2686
101 2137
209 2559
820 2590
638 2003
375 2036
739 2714
534 2056
94 2087
734 2347
773 2465
157 2150
759 2385
727 2309
485 2326
585 2901
232 2128
452 2629
780 2902
996 2103
342 2376
730 2780
722 2948
198 2793
817 2178
297 2660
216 2647
290 2941
132 2187
639 2469
397 2778
271 2432
448 2786
766 2642
970 2729
592 2027
417 2893
377 2531
789 2016
421 2996
704 2586
531 2986
929 2638
687 2580
359 2256
465 2240
844 2324
240 2201
464 2734
682 2368
776 2848
616 2499
158 2784
510 2280
267 2942
161 2816
779 2583
676 2085
456 2948
148 2114
545 2944
915 2798
851 2379
858 2959
424 2210
810 2973
360 2315
964 2246
942 2986
359 2924
877 2766
499 2070
306 2305
476 2996
571 2946
129 2952
568 2234
973 2061
137 2377
150 2514
249 2855
28 2068
577 2738
116 2588
456 2603
358 2406
570 2848
99 2861
630 2896
643 2735
444 2248
206 2093
390 2584
289 2696
583 2533
724 2339
706 2941
649 2538
676 2509
975 2974
932 2604
209 2342
690 2260
49 2958
174 2363
392 2527
242 2254
538 2898
283 2777
853 2340
763 2383
843 2961
571 2980
793 2481
904 2804
31 2676
379 2427
584 2861
509 2465
252 2416
370 2348
213 2804
454 2452
710 2318
525 2604
555 2076
183 2710
356 2501
236 2812
548 2201
133 2351
354 2324
652 2145
661 2067
996 2641
269 2955
731 2729
560 2508
334 2042
586 2666
246 2955
321 2725
739 2388
232 2206
334 2517
969 2977
931 2430
209 2145
151 2766
887 2502
814 2282
244 2352
80 2484
858 2794
300 2079
758 2613
886 2420
584 2625
325 2535
93 2684
344 2807
154 2601
27 2569
907 2256
52 2930
373 2225
251 2902
977 2510
17 2291
802 2787
928 2637
330 2423
659 2225
743 2784
463 2593
612 2136
291 2026
629 2306
380 2615
186 2835
148 2212
808 2497
828 2099
84 2926
991 3000
594 2361
721 2571
829 2185
327 2528
936 2721
369 2248
884 2818
742 2222
731 2067
806 2202
596 2650
702 2590
80 2329
224 2723
837 2919
457 2553
400 2596
879 2288
904 2882
498 2890
337 2932
185 2278
359 2417
809 2379
227 2837
122 2745
114 2364
595 2743
580 2702
815 2404
627 2473
719 2671
125 2315
530 2214
555 2091
554 2807
787 2122
985 2473
603 2677
220 2577
927 2543
535 2211
996 2465
249 2447
670 2042
369 2095
431 2861
89 2634
945 2782
499 2323
134 2211
193 2176
934 2970
304 2642
769 2167
176 2599
837 2322
181 2586
226 2034
634 2949
980 2053
119 2764
113 2251
728 2962
236 2774
233 2145
649 2538
422 2291
162 2901
535 2913
433 2886
492 2167
6 2821
893 2404
68 2046
30 2899
647 2110
457 2163
425 2402
572 2271
414 2042
180 2222
692 2657
26 2385
286 2314
837 2966
987 2586
760 2631
450 2896
662 2754
673 2534
259 2111
239 2637
469 2132
703 2898
867 2417
862 2547
412 2651
974 2584
868 2090
700 2818
458 2961
478 2220
117 2745
385 2380
944 2740
850 2889
459 2267
132 2195
173 2223
402 2452
943 2352
701 2992
466 2081
328 2622
356 2974
994 2764
415 2682
539 2260
314 2195
603 2313
588 2251
223 2864
78 2285
902 2391
512 2844
99 2135
135 2732
555 2290
37 2406
242 2435
978 2236
729 2712
346 2857
459 2841
575 2606
327 2246
137 2261
72 2570
106 2950
628 2042
822 2651
26 2076
627 2845
784 2096
518 2611
20 2816
999 2782
737 2735
589 2838
339 2155
973 2235
287 2939
63 2459
29 2711
81 2215
663 2171
440 2620
463 2066
612 2451
484 2274
460 2696
85 2148
994 2379
121 2344
640 2457
710 2523
659 2504
713 2128
766 2157
309 2352
386 2734
791 2546
557 2975
114 2721
897 2405
22 2201
343 2445
519 2176
83 2730
419 2028
458 2865
915 2856
25 2774
573 2527
343 2147
322 2381
414 2028
604 2912
134 2027
266 2482
299 2269
967 2924
879 2426
984 2699
235 2245
437 2786
931 2232
953 2427
311 2269
341 2821
49 2773
522 2812
868 2553
126 2989
449 2338
97 2917
944 2001
160 2772
637 2526
265 2413
657 2427
488 2827
339 2812
177 2331
70 2453
688 2444
837 2930
254 2256
532 2933
652 2703
320 2786
133 2953
42 2731
174 2744
416 2883
34 2375
405 2483
84 2566
659 2575
291 2793
629 2118
325 2035
49 2532
749 2678
966 2192
983 2497
419 2501
791 2342
808 2521
324 2889
409 2952
546 2696
80 2790
776 2931
330 2111
119 2395
629 2296
933 2443
495 2810
593 2640
811 2290
119 2248
880 2465
838 2733
539 2301
657 2158
270 2973
715 2385
593 2125
854 2523
416 2726
909 2548
21 2883
464 2564
679 2243
720 2062
250 2818
868 2583
1 2376
396 2829
378 2701
724 2783
817 2969
35 2273
168 2430
804 2990
214 2810
188 2018
837 2478
302 2428
728 2401
723 2455
780 2074
238 2099
774 2784
471 2462
941 2522
582 2205
794 2750
891 2553
38 2050
387 2650
642 2772
678 2701
349 2547
870 2349
769 2866
10 2923
671 2985
205 2142
117 2722
192 2289
461 2428
255 2072
639 2906
19 2776
282 2265
867 2570
623 2573
145 2550
214 2257
98 2615
789 2008
413 2467
509 2414
784 2496
880 2310
39 2094
945 2555
503 2775
722 2351
43 2319
292 2755
244 2787
698 2723
782 2644
559 2175
112 2953
1 2209
812 2142
494 2859
960 2456
70 2685
380 2020
481 2439
125 2682
803 2243
938 2453
236 2368
485 2319
341 2983
132 2192
360 2039
545 2140
783 2711
278 2365
528 2519
453 2758
928 2765
167 2035
165 2248
123 2906
872 2063
33 2274
595 2888
832 2926
255 2433
861 2689
442 2751
301 2087
439 2232
700 2911
669 2225
23 2651
549 2023
7 2468
710 2854
231 2998
83 2075
544 2703
160 2731
491 2575
1 2169
447 2527
332 2848
483 2986
967 2045
622 2685
445 2514
93 2822
29 2482
862 2006
835 2761
226 2254
747 2560
575 2324
268 2713
175 2442
906 2375
331 2691
710 2339
469 2774
529 2206
636 2878
998 2019
897 2471
88 2416
42 2698
573 2409
316 2947
873 2884
814 2775
333 2122
332 2984
386 2482
1 2524
729 2862
601 2826
980 2859
294 2578
250 2842
865 2776
679 2416
979 2647
34 2406
981 2093
164 2128
301 2826
781 2878
681 2561
89 2708
65 2195
923 2690
496 2727
337 2628
195 2466
432 2256
470 2350
377 2090
995 2853
108 2759
204 2915
716 2996
499 2069
884 2532
912 2579
360 2820
787 2767
839 2567
738 2108
311 2689
829 2582
321 2165
616 2091
222 2133
529 2909
763 2878
706 2613
89 2671
921 2455
225 2110
911 2888
166 2370
14 2361
562 2637
183 2273
542 2770
802 2324
4 2873
478 2798
183 2723
604 2767
742 2873
175 2596
772 2659
271 2065
628 2266
143 2312
707 2229
483 2456
262 2908
118 2503
598 2151
611 2383
881 2156
506 2552
387 2123
133 2201
869 2722
803 2551
412 2479
69 2802
301 2826
272 2418
576 2519
282 2429
418 2628
408 2822
976 2359
567 2644
664 2422
346 2177
194 2076
380 2118
744 2871
822 2838
586 2203
955 2162
692 2780
929 2983
828 2910
619 2711
519 2141
813 2460
331 2244
640 2517
74 2479
383 2167
821 2183
33 2243
815 2634
360 2331
796 2454
688 2538
98 2289
20 2758
143 2859
822 2326
435 2263
437 2932
551 2437
916 2306
446 2303
273 2764
715 2293
59 2202
307 2257
888 2875
780 2874
685 2377
591 2146
951 2239
970 2143
338 2963
512 2674
48 2651
149 2353
68 2138
125 2805
176 2720
484 2036
852 2907
988 2157
543 2760
130 2886
178 2256
321 2613
99 2131
844 2784
736 2829
710 2757
918 2316
100 2962
192 2501
533 2067
683 2226
665 2133
154 2701
936 2150
733 2017
668 2001
519 2574
986 2819
344 2881
533 2359
936 2797
996 2530
126 2060
540 2478
664 2780
408 2032
196 2451
489 2784
830 2448
81 2988
138 2959
612 2444
484 2627
593 2828
302 2914
965 2764
746 2562
418 2944
649 2533
302 2975
820 2878
262 2883
313 2537
348 2510
863 2677
590 2823
869 2033
642 2296
897 2536
159 2872
557 2861
533 2375
558 2181
336 2118
271 2823
145 2771
811 2364
917 2134
139 2911
562 2613
359 2972
712 2439
80 2968
596 2651
237 2245
83 2583
500 2330
252 2656
420 2069
887 2806
976 2761
989 2203
910 2629
279 2535
281 2131
916 2182
773 2043
773 2092
889 2467
244 2390
337 2361
5 2761
956 2674
603 2087
963 2466
53 2694
556 2155
451 2695
277 2426
28 2704
85 2805
585 2089
680 2965
112 2438
921 2211
49 2177
149 2548
413 2606
21 2989
761 2700
244 2741
829 2407
466 2558
73 2455
888 2866
154 2959
629 2981
442 2293
777 2631
910 2765
536 2319
636 2228
513 2831
804 2790
759 2042
294 2079
599 2854
284 2202
203 2729
330 2171
679 2653
963 2485
730 2220
286 2468
648 2299
129 2296
597 2191
324 2311
852 2361
521 2312
737 2881
698 2288
788 2355
36 2501
999 2637
387 2387
97 2084
70 2938
709 2522
845 2605
228 2353
40 2425
938 2668
593 2674
712 2579
684 2414
797 2995
702 2246
690 2927
780 2129
54 2761
806 2431
784 2815
868 2838
619 2862
775 2784
39 2232
995 2943
661 2102
619 2189
291 2356
494 2966
977 2615
657 2123
539 2303
221 2382
840 2021
610 2111
730 2092
828 2641
23 2728
661 2796
23 2272
355 2577
71 2747
507 2208
374 2620
694 2242
822 2949
379 2406
685 2886
678 2420
796 2618
984 2091
512 2062
734 2971
215 2817
782 2523
709 2866
559 2689
512 2445
288 2867
865 2892
572 2680
380 2183
845 2598
601 2129
711 2803
636 2192
806 2051
593 2922
378 2852
461 2264
578 2859
745 2301
359 2341
64 2404
691 2158
787 2819
729 2426
667 2706
958 2989
343 2850
496 2563
38 2590
886 2686
95 2466
401 2012
63 2022
186 2254
667 2458
52 2462
238 2879
66 2016
286 2642
308 2486
970 2424
318 2185
158 2456
450 2827
419 2940
192 2782
416 2382
754 2275
294 2410
133 2938
826 2272
477 2453
124 2335
535 2003
624 2193
301 2573
314 2448
454 2043
576 2484
604 2965
699 2043
618 2834
917 2413
398 2169
625 2797
947 2696
1000 2344
322 2344
8 2211
306 2157
418 2430
941 2264
691 2099
53 2508
315 2062
767 2208
69 2442
294 2729
774 2199
139 2157
874 2526
13 2560
315 2097
515 2568
915 2155
817 2840
404 2371
307 2605
597 2440
499 2002
144 2676
521 2188
154 2193
204 2533
515 2973
564 2569
983 2381
945 2419
252 2315
601 2493
605 2560
438 2194
974 2696
791 2277
800 2048
105 2038
23 2873
836 2240
619 2793
562 2700
92 2254
334 2203
705 2891
754 2639
411 2839
131 2655
877 2561
465 2149
335 2372
561 2128
268 2402
877 2144
728 2090
384 2102
94 2714
746 2167
272 2531
659 2957
296 2328
141 2141
279 2940
506 2990
733 2735
584 2415
816 2263
330 2406
472 2263
218 2400
154 2129
987 2908
947 2403
60 2422
712 2275
289 2429
212 2402
276 2165
162 2179
365 2602
907 2169
485 2025
169 2826
657 2063
157 2598
221 2670
87 2846
711 2731
588 2820
502 2506
188 2391
59 2389
645 2340
182 2431
554 2243
732 2995
176 2392
711 2491
194 2341
647 2682
499 2351
680 2834
661 2992
932 2812
855 2598
234 2705
596 2838
806 2771
594 2571
884 2282
768 2413
871 2377
748 2443
807 2181
115 2982
411 2017
482 2443
546 2860
133 2143
104 2021
862 2648
111 2396
416 2704
988 2144
492 2505
796 2776
236 2328
663 2587
102 2570
172 2711
972 2983
445 2987
290 2537
467 2195
879 2004
229 2399
223 2555
150 2971
551 2670
301 2012
275 2526
496 2288
278 2221
459 2635
992 2230
206 2481
692 2472
717 2912
610 2274
252 2145
394 2334
850 2458
755 2950
61 2606
723 2776
823 2048
615 2761
560 2978
565 2451
995 2696
832 2390
933 2979
92 2400
812 2815
867 2965
404 2493
528 2022
824 2038
313 2601
487 2797
538 2653
108 2322
224 2546
186 2557
122 2666
784 2113
383 2227
842 2405
572 2080
89 2586
989 2971
356 2342
783 2851
318 2451
723 2093
993 2519
957 2525
555 2843
245 2962
504 2755
397 2947
881 2632
301 2660
580 2815
188 2415
220 2047
408 2091
698 2582
712 2357
44 2409
775 2914
77 2374
363 2744
877 2018
95 2528
338 2850
886 2429
886 2931
50 2818
492 2280
812 2901
190 2728
756 2101
488 2115
59 2045
26 2792
70 2831
394 2905
190 2719
560 2889
694 2045
206 2676
741 2609
248 2323
293 2036
80 2658
739 2699
758 2483
936 2522
174 2935
615 2403
833 2112
640 2820
832 2511
756 2290
174 2735
394 2984
22 2847
466 2574
422 2825
968 2930
314 2588
82 2720
764 2409
357 2850
666 2512
134 2118
112 2121
789 2066
904 2610
502 2048
831 2164
123 2330
162 2228
452 2773
480 2083
745 2557
786 2261
841 2077
360 2234
628 2020
38 2175
110 2166
519 2130
556 2496
585 2168
524 2017
186 2024
8 2810
160 2539
444 2245
967 2914
265 2181
86 2423
904 2169
243 2854
395 2480
57 2732
536 2420
559 2461
951 2015
11 2171
966 2278
975 2026
147 2056
