5000 5000
4016 3703
1090 1509
3678 3720
4379 200
2421 3877
2259 1764
1257 1406
3064 1506
2777 3961
192 816
2992 3003
284 3712
140 4517
1550 1922
357 1979
1346 1173
4824 4201
3355 2211
61 3894
4912 2942
3661 2510
887 4069
3312 2811
384 1508
1286 3868
446 515
4044 272
57 2149
745 2941
4375 3075
834 3748
2996 2626
123 303
3176 451
464 4878
2080 1890
3035 3718
327 1185
885 659
1071 110
1834 1991
362 3290
208 2564
3774 3963
681 4446
4200 2964
2 4845
1984 2091
1403 738
326 2324
2559 775
691 4652
1446 4676
548 2473
2930 1287
914 360
1238 4379
4989 3886
3214 2261
2474 1371
4794 2147
418 3748
1181 1893
3949 4144
2502 3337
663 1758
2756 18
1946 4749
455 2200
1524 1819
4901 982
403 4522
1434 1720
2686 2648
2452 539
285 2502
822 1561
196 2115
4194 4149
1460 3738
2917 3877
50 4977
2269 1526
1740 451
3974 515
2081 1481
990 361
4185 1308
3406 2109
661 2750
1586 1831
4336 2466
3851 2851
710 3121
371 821
4011 3343
1727 541
968 2109
2212 243
2897 1480
1035 181
1587 1545
4663 527
1604 3647
2098 514
3363 202
3018 2128
3682 1129
4089 815
3520 1350
4774 2676
260 1344
3134 618
3671 2810
1271 2675
170 1770
254 237
2720 2165
2583 1377
3933 3681
4269 2080
1319 1611
1187 143
3771 3729
4634 4894
2427 3059
1204 3203
4095 878
4224 4339
1194 2336
3567 812
3006 1707
3671 1596
3706 4092
2917 3830
1603 2771
1800 4359
1137 3648
428 1148
4748 3028
397 2471
78 1262
4964 753
3026 1527
4438 1041
2646 2080
259 2670
4477 890
141 4274
1080 1446
3106 2063
4742 958
3923 4007
4434 819
422 4206
3684 1001
2481 2266
1898 112
2328 863
2031 2093
3336 236
3221 2424
709 2290
656 903
4177 1230
1923 2874
3790 4044
3175 264
526 622
3904 995
3513 3334
2347 1072
3271 945
4389 3826
1070 1164
3014 54
598 3843
3118 425
1315 271
4006 4241
2643 600
4394 394
4881 996
349 4699
3849 679
3326 2112
4085 4643
4433 345
4111 4809
4065 4450
471 4241
4269 2644
1024 655
1385 436
1142 2703
3919 922
2523 1321
1661 1621
2259 704
2712 1950
3483 3056
3713 2706
2489 4734
31 2907
2624 2037
1822 4633
1315 4774
4326 773
1765 1871
2079 4639
4598 1695
2251 4105
385 1345
740 1467
3307 3671
337 1152
1910 1273
2699 1377
583 1231
4460 2600
4860 979
258 4856
2586 2394
3105 107
94 1100
3103 3588
3755 385
1715 2238
1220 2191
4192 444
4682 1962
759 1195
3960 1260
3459 4557
1725 549
4433 3640
1449 2395
4127 662
4772 1061
220 4453
1171 3821
137 2362
4957 701
3558 1913
4605 2788
2352 201
3472 897
674 1878
4586 1350
4178 4814
2476 128
1357 3297
1448 3918
421 3730
400 761
4985 139
2508 3459
4942 4944
1051 595
4349 1707
236 2239
2173 4144
3805 4587
3706 521
1628 1753
1886 1477
3667 129
3568 4220
193 2820
2210 270
2431 4195
3103 4941
1737 2542
2053 4848
3086 738
1423 4946
697 4289
614 1818
777 400
944 3124
4741 85
1929 544
2636 576
1330 1577
4212 4316
3112 4857
330 630
4975 3083
3841 3773
2086 1721
1382 1666
740 335
388 2322
179 63
3755 2265
4867 4367
2007 1370
2427 2544
2685 3676
4068 1448
1849 2727
2822 4899
2830 888
2928 3005
4462 4497
3433 4739
531 1100
724 1866
2132 2129
2220 1856
2540 1294
2652 1450
1088 3039
2578 3070
3624 966
1437 2434
4871 2548
1045 3404
4638 2977
1754 4595
1054 1697
567 1982
557 1088
1192 4444
571 1374
3098 2467
1740 3998
634 2485
2537 1628
4360 4384
1763 2238
1717 4045
1863 148
1332 676
1961 4770
4869 2493
1730 1998
1271 3826
2987 1933
1655 2723
1535 667
3020 538
1931 3538
2613 2568
4258 4386
3061 512
1615 1074
653 2779
1529 2071
2779 3155
1974 4091
3154 2252
4185 2735
3338 3479
4158 4964
1857 2273
2137 2485
2738 4235
4657 705
3781 3780
4274 2129
47 1076
1963 1549
380 1578
461 4500
26 1809
3894 3091
1648 1406
4541 2045
1175 1981
302 300
4631 1180
2912 1183
3013 3400
3502 3476
1795 1343
2963 1920
2232 1838
865 1525
1034 2604
371 3259
1026 1510
2369 2179
87 1708
732 3775
4198 1508
2459 3550
3040 3446
1750 4055
3987 1864
249 4155
1238 771
1355 1624
4304 317
1807 2659
3608 2232
3090 3813
4274 1658
4087 2250
136 4127
815 4182
2903 996
2637 4113
4844 2286
1657 3037
3047 131
419 1069
318 718
67 2584
4797 2401
2550 2094
1557 1053
36 1802
4346 2254
1703 761
3154 3309
734 3626
3331 518
1579 182
1428 667
226 4706
1422 1000
4340 266
3012 2362
2603 2481
25 113
4590 3535
3033 3341
511 2505
3595 1664
4379 3959
4125 888
1553 2642
4833 744
2071 437
2174 2471
3473 2509
354 2337
2772 2660
1383 557
4818 4170
1843 4471
3695 3941
4813 3119
3940 843
2684 554
9 813
498 2710
3920 1407
2305 1876
4559 117
2325 3561
1998 2840
4930 373
210 3576
3263 1609
2690 2916
956 3162
3832 761
3904 859
2634 1376
3357 2954
226 4619
2184 1073
1370 2504
1188 248
1532 2182
2350 1249
1521 3960
3015 4172
3192 3209
109 1037
4545 3623
3075 3402
3243 3538
1474 3481
2955 3839
2367 2962
3166 1392
487 2488
3096 3158
769 2262
1982 1690
1883 4831
2881 1543
1320 2863
1452 2237
304 1880
4368 834
2760 3007
3366 4537
619 4353
221 4840
3081 2504
700 1476
872 4915
4570 232
344 2148
868 3646
2483 51
4271 901
3797 1708
3999 1828
1928 4788
3495 1502
2347 3162
450 4814
4132 4363
3801 628
1107 4110
1206 2937
1265 1066
2456 767
3058 2508
1888 2389
407 1869
4539 2522
3246 500
3577 247
2757 696
614 4450
2485 2345
3407 1448
3964 2543
951 3163
3134 3139
1794 396
1525 1797
770 907
2062 469
240 509
1069 3926
2117 3229
3012 2399
1130 1246
1960 1988
4533 1447
4365 1869
3724 4776
3995 4910
4047 204
4697 2782
545 1736
665 484
3111 2507
1588 4831
397 1086
4583 2380
557 3326
4750 630
177 4064
1168 2496
4179 1132
259 4183
3323 3925
570 4462
585 760
804 1833
4811 3627
2399 1951
969 3760
4180 618
4495 4297
221 1536
1299 1686
660 1783
4135 2269
1174 2500
1369 4554
216 4029
626 1280
3656 2880
412 174
848 4147
2911 997
2366 2470
3718 3033
159 2294
2245 270
4182 3219
366 661
1255 283
3996 2687
2465 2032
2503 2401
2595 1752
3330 3552
686 3829
1265 1199
1459 1948
207 4799
3135 4761
3087 3335
1460 3851
1561 692
2898 163
4439 1170
2590 83
1184 395
1921 2037
1869 2232
4604 4993
4563 4638
3786 2419
1000 3994
3120 4756
2489 4777
4200 1296
387 2849
1724 4881
1857 3276
3657 2626
4782 4846
4033 1806
4163 4268
3886 3209
3875 87
2924 295
2260 530
1478 2980
2057 1128
1852 2691
4822 1162
1987 460
356 1632
4510 2808
3518 3989
3979 1238
2779 2424
3265 603
1828 4200
2401 4925
280 2807
3618 1497
2559 475
4746 1286
2532 4273
4225 4242
3774 746
4848 387
2312 4379
82 656
1200 2592
545 4689
2701 4817
1277 4996
653 3343
129 3546
2965 2944
2758 3041
866 4209
964 99
104 812
2886 191
1881 1347
3061 3430
2928 963
3088 4281
527 4868
1963 4810
3941 344
4069 800
2004 1410
4966 4646
3930 4921
4729 1662
790 3029
4974 3626
2574 2
491 4155
3183 3499
1604 86
2300 896
417 1836
4162 2090
3767 416
476 3662
4258 2199
4826 833
3969 4715
3063 3339
4994 3000
211 2023
775 2523
3398 202
3545 3119
455 4834
2381 3905
4572 561
2804 375
2434 4858
1191 1773
1936 2907
4466 3440
1263 3371
3353 2759
4836 1902
4025 2223
1281 1231
4296 4429
616 3253
4095 1897
210 705
3686 3817
2312 1519
3761 4251
3248 4259
3626 1128
2537 318
3400 4909
2194 3505
1798 4236
3840 2257
1142 2867
3815 2787
3928 3434
2388 2330
4733 371
1000 3023
4049 1269
2671 2737
649 2881
4938 2405
2393 4945
4385 2775
305 1517
5 42
2145 513
325 692
1210 3532
2439 4318
1687 2841
1994 3018
4132 1251
4041 1422
1157 3621
2922 2288
835 4584
2344 2434
1275 600
1934 104
2743 1545
1350 2279
4161 3245
1353 2600
4636 1186
2743 2238
4821 170
2833 1077
971 3387
2589 395
4091 752
993 3955
4999 2207
4580 4039
448 221
4762 3462
1049 567
1086 535
2310 2234
4645 1317
2373 93
4056 3451
1971 1621
3426 1906
10 2385
1403 3856
4930 688
1092 2859
4902 4200
3956 1871
2552 2384
331 1956
4943 3064
2805 1155
216 2031
2505 2050
4219 117
4978 1423
3704 915
4645 9
4858 527
1212 2813
4378 1740
4155 2064
2847 1842
4825 2672
3852 2650
3458 4328
3082 812
4370 2043
3432 3636
2892 2952
4984 4490
2308 2871
821 4914
250 3372
3594 4084
1480 4297
2836 2596
2397 1505
1682 4780
1971 3674
843 257
4078 1194
4041 2884
151 3822
4973 4497
3352 1279
556 3741
2120 3310
2744 3003
3584 3544
914 1000
3175 3061
398 4464
3692 758
4799 4960
2218 366
4182 3662
4481 3883
869 22
2714 3677
2016 4046
1547 1694
134 3996
4220 3737
1363 479
1417 2792
2058 1515
1001 3185
3555 5000
1030 2345
2207 4925
1126 2564
4219 538
4841 2291
460 2499
3900 2047
3128 3164
798 3501
2926 1985
2153 1715
4958 4620
2331 4714
43 933
3933 2004
4024 3309
1988 2887
617 51
222 2803
2700 539
2687 4257
256 3420
1517 397
4877 1945
1241 1181
2524 3962
3199 3058
4271 4692
31 3622
1732 2926
4149 2342
4919 2709
2565 4187
1662 4082
308 2412
3833 4235
667 30
1009 2024
2645 3982
4687 4702
899 1086
4224 2857
1142 4606
4208 869
1645 2933
3998 1766
3095 4121
1279 3505
2811 4915
909 291
918 1510
3752 1944
2085 1729
1245 4310
331 3547
2983 4427
686 4743
475 1125
4037 4224
2137 313
580 3471
4792 4021
3188 2210
608 4682
1196 1151
3846 3084
4789 706
2755 436
1524 1115
574 2952
4129 1395
1580 3865
1096 2785
3733 1821
2605 800
4048 2166
3670 1235
3146 1859
3347 3044
4035 4438
777 4152
433 4166
4464 4399
833 693
2530 659
4147 149
93 856
1454 4438
2746 3787
4228 835
142 2013
3399 4254
2865 3562
3100 817
3998 4076
2919 2959
266 2046
1711 1377
2921 782
2139 2381
2693 3634
3197 3701
248 2975
1046 4556
4140 3198
1578 2422
376 3264
3341 848
2470 1267
2007 957
4299 3789
2780 1339
191 2600
2031 4854
2942 3535
1056 4915
3030 4560
1731 4239
354 898
3491 1841
1133 3873
4870 2598
1307 4280
3419 3740
4141 1503
1066 713
4380 1149
1067 964
3968 991
4057 2563
2744 2897
56 4159
1373 1524
2069 229
442 489
549 4831
2471 1077
4809 1819
4671 3046
2872 634
2422 1597
3717 4115
871 4452
2155 1360
132 4802
462 842
2047 4597
2380 2425
1209 559
2075 1270
4282 1403
1445 1813
1480 1946
2106 1765
939 3569
2868 682
1976 3518
17 261
2444 2483
2348 1273
2876 1258
3301 1089
4843 3154
2658 4009
612 104
694 955
1608 2089
2330 291
2145 3791
3553 3556
2088 882
4272 556
2053 1642
2797 1077
437 2818
2646 4198
2672 2222
4102 2538
1091 4113
2453 4655
3308 4936
2413 2314
4197 1483
1284 1984
266 797
4254 2840
3830 3273
2106 2840
323 2216
2665 4093
3224 3520
978 2311
1184 2503
1010 20
2257 4041
3018 1555
2610 3310
2265 2372
1489 2312
3315 1758
2299 2323
4858 3097
613 2821
556 2102
4043 1664
1846 2436
2919 1982
3896 2004
4660 477
2176 3966
3539 2763
2003 1117
4718 2051
1361 4289
499 560
360 2532
2588 2370
1556 3408
620 399
1806 1590
2820 1051
338 1530
368 1083
1486 3885
2235 2999
2368 4338
3874 3894
2287 1734
416 1462
821 1826
1445 1540
1282 370
4524 1809
1620 1219
4077 4598
3895 4305
1384 1081
920 166
2924 1960
4158 2778
2631 3261
826 2767
934 4843
374 3244
3911 417
613 3805
509 516
4642 1089
4924 1689
2331 740
1638 571
2327 4693
2885 2634
2445 4970
3906 77
319 2187
222 2401
1175 4877
1663 738
3001 4704
1228 1265
4018 4115
3684 2079
391 1415
188 466
352 81
464 2261
1766 3651
4525 3460
4851 2629
908 3617
2537 368
1201 656
4278 196
1740 3266
1063 1083
1279 4928
4323 13
162 1310
3713 2829
140 699
1819 2420
4755 1333
4341 4060
1390 954
849 431
2488 2324
309 2026
2951 1213
4848 3316
46 140
4616 403
3096 3038
896 1586
2871 2080
1184 3259
884 660
3949 3763
4143 1011
1339 4710
3688 2682
3696 1265
943 1967
2290 543
1906 4126
908 1661
2501 95
1181 3298
3063 1330
1417 1753
1242 4286
1309 4850
4715 2726
2805 2952
2531 542
3208 1915
2285 3084
2726 849
609 1034
2369 1824
152 1859
2722 3256
993 2356
4669 687
452 717
1879 1268
1213 1080
2287 3960
746 3913
4459 4426
2560 198
2861 666
4324 4546
2822 2200
1254 108
3056 4918
2130 3749
2706 1187
3914 474
1456 2169
1886 1751
3282 3714
4686 4405
2014 630
3745 1412
1064 2688
607 3509
2368 171
908 785
4405 2238
1917 2494
2097 3623
2400 2076
4981 4143
3391 3490
2079 1562
4110 4623
3240 3275
2838 4462
2011 4653
832 2056
4779 612
2317 24
732 1085
4958 3468
1213 4644
912 3056
3092 3725
2874 991
282 1413
3058 4236
4001 1897
3988 4701
2147 4199
44 3010
1797 2268
4247 85
4380 1133
1541 322
1646 3818
1746 1128
829 2000
4213 4913
2639 4150
1120 2055
4889 4579
2513 1031
2150 2118
3504 1458
3170 4101
2722 4529
4516 3394
813 1610
1419 2251
1398 1537
736 4689
4968 2480
2541 4188
373 4441
1500 1348
4289 3699
3395 3595
629 1524
2310 4225
4762 2310
1094 2896
3254 61
3009 4937
780 2919
2993 870
3743 1293
17 2002
2367 3106
558 4454
3376 4577
4594 2678
4654 4532
3167 1243
4478 1082
1034 594
4449 1544
2942 1629
4994 1668
4810 3552
3978 2173
2277 3422
1401 471
1738 1045
2880 3766
3559 576
1477 1513
4306 3020
2375 569
2653 3141
939 1634
3497 3353
2678 857
2354 3645
1100 2438
4386 1271
360 2708
2992 4171
4236 4279
2306 250
2260 4325
1304 1465
1670 4696
1643 398
4964 1931
3614 2735
4558 1131
4572 1078
1377 3816
2978 2888
2397 3180
2590 414
2766 2499
1633 750
2544 644
4521 3338
4144 2591
4633 1632
4681 135
613 3124
2285 1682
2817 1307
1917 3014
3289 4329
3130 1934
4543 3366
1748 4566
2744 4213
851 4163
1312 3621
1429 1822
4183 4939
1759 3243
4395 119
2743 4325
3848 4886
4857 4757
3646 3504
1105 2282
1147 4579
105 3595
2320 224
3523 2219
95 2884
4929 4956
149 1081
4194 23
3485 3902
3984 3370
286 4333
1824 2555
1445 1892
18 1268
4494 1270
642 2192
1031 3050
2357 4590
4893 3132
288 555
1820 3091
3198 4540
4577 1491
2880 1781
3778 1059
4818 2467
2008 2282
1628 1137
4891 1798
3526 2665
2063 4381
1623 2024
1063 2415
2296 2583
3623 2900
3884 552
4253 3482
675 2758
4339 3809
3799 1888
1110 3691
2846 1903
883 2038
3362 2406
907 1476
726 1641
1908 3749
578 2081
754 4563
216 3184
1485 2630
4887 3135
1197 4153
3032 3552
2491 2597
4231 1697
1762 524
4540 3222
3238 4505
4203 4722
2604 3710
2081 1695
4586 2582
2769 1460
3776 596
1534 1102
3695 3796
4841 1331
2841 3880
3292 3811
4866 245
728 4743
2333 2272
3724 2607
3713 3955
3368 1934
22 1573
409 4265
3971 4688
501 4744
1266 300
1249 1228
4318 2932
2329 3650
4611 1192
1833 1758
3375 1979
3041 2195
2959 3326
4878 882
261 1956
3270 4986
2897 4047
1948 967
4478 3939
2046 3078
1287 442
2251 3087
193 2176
1368 1860
2786 3831
4685 1330
474 318
196 2405
2401 597
2065 3512
4145 3445
64 4773
2894 2101
4219 1986
2139 2576
1644 3093
3831 2541
4778 850
1472 3727
3551 4290
1646 3223
2465 566
4699 4454
4951 284
4114 1375
1703 1137
4406 652
1941 3752
3604 384
934 3754
2459 133
574 2982
818 727
4727 3859
4388 3153
364 2524
4096 6
909 2683
4595 339
3803 2305
714 467
3094 4036
3930 4714
2524 403
547 526
3157 1270
4789 51
549 1425
561 4951
2578 3330
2947 1086
3103 4169
3271 1806
3640 536
2553 2292
1983 2123
4513 1897
1199 4362
3383 3528
246 4228
1172 3377
1536 2479
1793 2531
3089 3661
4371 541
1699 120
2240 990
4034 2858
3699 4925
1636 1622
3742 4699
1765 1027
2520 3369
2257 2210
3973 1124
3971 222
2086 1232
2374 2196
1680 3907
2914 419
2185 2577
2274 261
4592 1929
4155 1014
4605 2653
3223 845
1641 3079
851 2489
3134 4571
1470 1781
2986 3832
1835 2703
129 603
1560 2646
3201 2813
4016 1218
1402 2587
678 2192
4485 3567
3740 3782
4371 4725
2386 516
810 2481
3450 1540
2220 3871
316 2451
3256 1882
3478 3712
3533 4449
102 3460
3420 4016
819 4371
814 4083
104 690
3638 96
4027 633
1080 2861
461 2052
817 1319
3042 4236
4801 1621
1468 467
927 2268
1739 4616
2459 484
2432 3911
2714 4579
322 909
4445 4257
1633 1243
2083 4612
2760 2064
2505 2461
3368 2580
2311 842
1307 2658
597 2389
2182 2790
453 349
1499 4504
1762 4563
2030 2911
2002 2168
2190 1193
4944 4517
3694 3977
3165 275
3653 1291
2816 3141
2683 1101
2019 130
4733 2142
720 2191
2066 4947
1300 2085
838 1791
2691 2830
263 1779
516 4510
895 1070
2422 3256
2610 3127
1307 2542
1921 857
3644 1501
101 718
1678 1096
2471 4583
1515 4027
1384 411
1779 731
2108 4846
4493 4573
3621 2011
3033 3237
4109 182
3920 2544
4284 867
942 771
2051 3795
782 589
1903 3016
1870 1250
714 2366
717 1810
2215 4525
747 3449
4165 1900
40 3832
1478 3673
407 3973
1008 1422
3404 4206
3043 4014
4812 1084
1732 4696
1948 2669
2257 914
421 3170
4390 3899
758 1970
2296 578
3139 4158
1296 3370
1900 3328
2795 3074
1273 1246
4503 4248
1236 3211
2264 4023
2279 1271
2924 3641
4561 917
451 4742
4539 30
4395 4148
999 1853
2251 961
3899 146
2599 4000
1802 531
4419 2865
340 4648
1780 3604
776 4813
3747 1990
2175 886
3555 1733
2962 1566
893 1
1438 2840
3665 804
2727 785
1752 475
4051 2070
368 4557
1705 1594
3320 3100
98 1603
453 3225
4006 182
1108 4189
2178 2847
824 1637
2889 1222
2574 1837
1648 3206
567 881
4158 80
1127 1328
164 112
1172 1298
4425 1886
1048 1243
4114 2367
714 104
376 2469
1386 3762
514 676
132 1505
309 1246
2911 2266
4008 2802
511 1884
2669 1961
1359 3135
4885 2825
2547 4806
779 989
2044 1631
3732 564
2653 2257
725 3505
1207 3493
3718 2956
1152 3280
350 4447
3368 3479
2903 3899
2639 108
867 2867
2481 2385
871 1593
1300 618
2974 2705
1404 4312
4145 2115
3933 1491
590 2108
2313 4111
1639 1103
57 4930
69 2847
1601 2309
1028 1601
2064 2338
2752 1760
2413 2973
2392 3401
4673 829
146 4512
3272 669
3320 770
417 638
2970 4077
3801 448
4668 4901
3994 4912
681 456
2082 2460
1623 3844
401 4685
1485 3511
4731 1204
3730 2527
4712 4096
1128 3644
216 2263
2002 4187
1706 787
4489 1124
422 2511
3741 3662
1610 1010
3098 4425
2171 3347
4009 1396
3004 982
456 4440
4827 3021
245 1621
4434 1795
1679 1011
1619 2525
317 4012
4440 4050
2004 4713
1514 2180
3106 602
2520 1495
696 2193
3811 722
3048 3393
4495 4388
2220 2851
981 4009
2303 3929
590 4093
3951 4511
290 64
2867 799
2923 1330
993 4988
4299 1513
324 1233
613 664
476 4346
2371 3282
1382 1267
468 784
718 4032
4360 2696
4658 4997
3670 2183
3097 1255
3621 3663
867 162
1266 1788
4939 4077
3355 2203
3498 1667
3513 1605
4134 1755
35 3827
2731 4818
2480 378
2360 4183
717 1177
4301 968
3433 3280
660 4267
1356 675
542 551
2319 607
407 556
3376 589
1813 3080
2580 3429
828 668
4643 332
1894 3374
1902 3329
1017 4256
924 28
1537 3585
606 625
4576 1859
1127 4164
1963 3245
2128 1764
4735 4449
4179 2645
2227 2248
678 736
3344 4853
3618 3182
3679 2936
2765 4126
3649 3884
1509 1163
517 2426
4654 713
781 2719
3453 4065
210 124
3782 2491
1650 532
699 2291
15 4316
3870 2455
4697 1758
2274 4632
1206 4030
3908 1048
753 1913
3047 4435
401 4898
1545 1601
3836 3055
3440 490
1980 900
3569 1043
4040 2262
226 2016
3758 1186
3030 234
4296 3583
3273 4347
3676 17
2373 2328
912 1944
76 1575
3662 3473
3750 1832
764 523
1310 425
3440 3116
2048 1700
2258 2309
702 556
2586 1436
2228 4512
1243 672
4936 4399
3600 394
4470 2757
711 3490
642 1717
1619 3991
2479 3743
2750 4227
176 491
2374 4919
1285 2535
815 4795
4656 2446
3938 3168
2041 2290
1572 3657
4631 4267
730 1415
2479 3688
2588 277
1754 1405
64 124
2138 694
672 256
501 2491
4878 1746
1542 2108
1151 822
1968 703
798 88
4012 3287
1011 1315
917 2536
4203 1010
186 1961
4753 787
2236 1288
1941 608
4712 2068
2341 3376
103 2863
2057 2406
2356 2770
2171 712
3174 2446
2230 1498
1727 1016
3911 4404
4172 733
3162 1634
2878 4903
1270 1642
1031 2726
2435 2547
4849 506
4722 340
2452 2687
3862 1307
4231 666
1402 1231
1161 2204
2843 4536
1968 2781
2624 3437
2658 2259
63 3574
4042 1938
1433 4756
4973 3414
2273 3110
1469 2439
4481 4349
3373 2684
3021 2921
1943 196
1604 2829
1171 1912
21 3633
3024 1373
894 2071
1992 2921
675 3256
4207 2443
3164 2416
3244 1760
3799 2295
4996 2556
2441 585
3274 1518
2807 4553
4003 1783
1930 3473
4098 2611
2762 2125
2455 1145
4394 945
678 3168
4076 1631
4869 658
4614 4966
149 278
4366 703
1821 4336
1890 2914
3219 4188
3107 1337
2661 4107
1227 2043
2655 1053
4540 2876
3253 2472
3491 450
4572 1391
2125 3019
1260 239
3096 357
2344 1654
4637 3999
377 2284
3045 2182
4392 3639
3282 1778
1131 2409
271 2171
210 861
442 2118
450 3450
481 1892
2417 4551
2755 2340
2883 1936
81 2367
2141 2680
1356 3981
1760 1928
4744 687
2560 4686
2074 1677
1902 2417
1766 1169
2482 300
1101 1683
2813 1505
1820 790
4774 320
4448 4578
211 2528
4505 2379
1435 325
1276 4211
1874 1515
1062 2708
1380 2322
2701 200
3965 3650
345 2797
313 41
2692 163
2847 2315
893 2415
3395 3241
1763 4781
2453 1509
4464 1529
2244 4500
4996 4919
4822 1925
764 669
2396 3410
530 1581
2282 1653
2567 3335
4661 397
2471 590
1792 2584
1316 185
1848 267
4269 1365
3087 2703
4983 2938
4470 918
892 331
1750 688
3476 50
3968 2223
402 651
547 2993
2457 4975
1607 4087
4934 2756
4624 2273
2559 2267
1053 2989
2612 3347
3793 424
781 1172
370 1539
3421 4110
2000 2961
1821 4475
112 441
3236 74
3962 263
2662 4125
1815 3472
3962 4821
2823 670
2096 3813
354 408
754 2037
3293 2773
739 4480
4552 4658
2582 3912
1421 3859
2584 4552
2195 1615
3264 345
4229 2079
526 1409
1605 3319
1210 10
2140 4246
3254 887
3678 1163
967 2116
3505 1649
3431 3094
2279 980
1151 3529
2365 2284
3940 2337
1707 4473
799 4794
4020 2544
3625 1668
184 3037
3342 4913
993 2105
2362 4305
74 1303
529 561
623 3897
4363 4231
3400 3616
752 2353
3152 3700
4297 1870
3022 2385
3392 2348
281 90
2624 1724
3041 1674
1407 1188
372 2769
2138 795
942 3747
3338 482
4573 1232
431 1017
2884 3087
3554 1536
1373 1292
1223 3639
101 3356
211 4767
3155 1407
1186 1547
4624 1221
1460 1089
4470 1851
3338 4360
3298 57
1252 3084
1529 1334
3585 1785
2268 1670
590 2036
4215 2348
4791 2805
3200 3875
2057 1436
4903 3623
3965 2239
101 1938
1214 3226
1988 360
1134 878
391 2524
827 2677
1179 1740
712 2277
151 2339
865 4467
4696 1382
1294 3554
4848 2633
676 1148
2992 4658
4680 3767
11 3885
38 4020
2677 1274
1625 2908
147 2261
2204 3724
4829 3549
4592 1771
4306 4799
999 2074
1018 3875
1696 2531
1490 759
364 300
4900 4498
1041 3950
2181 3220
4644 153
1963 405
1692 771
3638 3171
253 4265
3157 3983
675 4348
4077 4298
1295 2672
3462 2180
438 2377
1703 4646
4512 2447
2003 3281
4671 3340
3147 3526
1401 3570
510 3327
567 1122
3014 2526
1887 2827
3237 2252
1759 2032
424 2756
795 2334
4771 1794
4312 2604
3445 214
786 1091
2069 2054
83 2128
2221 3451
2021 4471
2607 4298
370 794
3741 3197
4450 1731
1300 4547
1301 3718
2084 1622
4505 923
3545 1267
766 1827
4150 3984
4512 1832
2563 3849
4141 2914
4796 2779
3112 1847
2237 2324
1109 1795
3522 354
2326 3784
3811 740
1805 2943
1104 710
1706 3792
1385 4529
1832 4375
2866 306
827 759
1181 914
3293 707
2344 4126
1090 2947
312 2327
2376 2468
4446 2532
3634 1123
857 4919
1967 3419
2308 2670
3182 85
4050 3027
2429 1447
1415 4134
3603 2752
3705 1409
179 2387
1343 4636
570 3810
2440 1746
1650 1869
1376 1099
2464 1371
2758 2620
66 729
2137 2444
685 2737
4228 1889
4830 1652
2703 3250
4912 3178
3921 3782
1486 2777
4355 357
3209 3733
622 1164
996 391
1952 255
2174 3177
1227 4131
1735 2865
4270 3882
1935 2404
1000 458
4195 3237
4642 3272
1098 3966
2004 4625
1791 270
2251 4633
1095 803
2089 919
3134 4138
4894 4265
4325 1213
2670 652
3263 2460
1235 3127
1691 4607
1445 2296
268 1323
3990 4879
8 3067
2826 282
3558 4505
1447 1408
1124 1365
2698 2794
3136 549
2235 759
2517 3942
2657 903
2751 90
3337 4154
3451 4282
3499 178
3449 1742
285 4886
459 1690
956 777
1603 1459
1136 2458
624 555
768 557
1193 2777
1550 2434
3549 3085
1988 1748
1730 4898
1959 1541
1677 3461
3098 3328
3721 4429
1910 2407
3 4299
2353 886
862 1748
2125 160
1194 1764
4315 1656
4851 3077
959 355
1263 1385
2318 4804
3543 4509
4029 4927
2337 2430
2571 2418
1190 3960
2258 4385
464 4685
2674 1298
3622 1163
2463 1952
939 4409
4979 2755
4540 3346
2431 112
465 2611
535 3133
2189 2882
2019 2320
137 2504
3405 640
4382 89
800 1132
2402 4360
2269 2451
61 672
1812 3108
1164 1697
1865 2503
3045 1192
173 1202
4164 4322
455 1785
1253 4154
1714 4560
3516 1017
2321 4331
338 4437
4784 792
112 3630
2884 1235
2705 4812
4846 34
2978 2325
3772 3226
1038 2790
9 418
2944 2335
55 1718
4975 4868
4977 4783
2953 794
2429 1809
2825 1575
2538 3805
3859 1588
1495 3216
1971 1599
2316 900
160 4316
3661 4237
1542 29
4 151
52 722
1470 1414
4411 1210
3681 2261
4361 3986
1003 3379
1893 173
3471 3979
3179 589
1468 1484
2858 384
519 8
1293 647
1418 4064
4935 3900
2605 88
3546 114
2068 263
1809 1233
777 3562
2924 1001
1083 3026
1012 1311
4230 723
1344 4006
3101 2269
1024 1232
1294 2264
392 1390
1093 4916
2247 572
4732 3823
1912 4399
3378 4643
696 939
297 1391
2562 505
1028 3948
3239 3478
3080 739
362 3474
1386 2093
1707 543
2561 4867
4050 2104
1966 3215
1327 852
2690 4475
2911 3491
1086 145
3026 3200
3513 2978
930 2720
4429 1331
1750 2570
3291 4100
3745 2183
3241 619
3036 4892
17 2849
3755 1605
1939 2907
3447 189
2254 3532
3575 3323
579 3808
3101 527
3314 1156
2190 2822
2345 4037
377 3586
4217 3711
3740 3813
2516 4495
491 3263
3205 2378
3571 270
4150 542
1695 1438
1352 314
1368 3090
1398 4122
3114 609
2595 4894
2004 3084
1685 2916
4768 4471
754 2538
1332 3605
4986 4584
2440 1513
4445 4150
225 1731
3127 3498
4814 4864
4616 1973
3025 1310
3321 4326
2072 3005
868 2686
4237 4033
2363 262
3458 2808
3876 1918
4009 55
588 968
1835 3442
3833 2229
3023 643
3092 1758
1133 371
3295 3493
4020 3687
1979 1340
4641 2452
4886 3630
2025 4454
2915 2589
2872 3054
2337 484
227 4914
4489 2406
2283 4185
314 1279
3931 4919
2431 594
2404 4734
4180 2690
4095 790
1005 4068
2835 2790
2480 2421
2239 1923
1571 2856
1250 2608
3201 235
481 3727
2713 179
1978 4591
1143 1028
1958 4031
4223 1189
1659 2673
4608 212
3963 3675
2654 2326
4327 802
4794 1586
1025 4503
4029 3775
256 2975
4074 1002
701 3062
2052 3709
4766 1843
3585 1268
2080 706
1245 1713
354 782
2993 2843
2536 3885
1646 683
837 2913
1285 3719
4957 4587
4608 3970
1138 835
3646 2683
1085 509
2387 2173
1311 1070
982 2927
3545 928
2664 4549
2833 291
529 4127
1301 2292
4629 2921
2509 2418
1415 2547
2652 2286
2861 4049
3031 4739
1148 1309
1106 4687
1597 3963
2935 2040
2760 1998
1568 2242
112 3529
255 2608
3952 3745
4948 258
2412 4273
1839 2790
4035 3558
3694 2041
1963 1068
1889 1183
1357 2440
668 4698
3954 3384
1077 4160
1119 1767
102 4912
4381 3934
1669 3782
1613 1439
4131 701
2730 4187
3674 4372
4694 3912
4171 3244
3090 4067
4854 3001
128 2236
1714 1743
3427 2258
1760 4246
3802 2196
2371 1297
3192 794
1243 1732
1336 2555
3779 2029
783 792
751 453
1098 2529
3906 150
3274 3534
887 1502
3325 2993
2158 1973
911 1090
1129 988
1865 2235
4799 3710
3960 2822
3265 4555
329 267
2556 3675
3164 1966
3158 3424
958 4465
4228 4199
4780 4174
4067 3801
3428 999
3646 3100
1462 1833
3752 1015
2444 4742
850 3791
1030 178
2143 4987
808 3353
629 3862
1160 2039
1103 318
4763 2608
2433 1161
4031 4369
4132 488
158 1982
4867 3862
2601 1190
3245 66
3219 2635
2188 3666
136 2775
1868 939
534 116
1904 4071
755 4554
4914 3879
2383 2142
89 2825
2147 24
2632 1259
4850 3430
2173 1249
1007 2312
3879 4051
4647 3900
4748 4258
2248 1435
2089 1660
3347 531
1251 2342
4326 1734
38 954
3164 1619
4732 1474
3873 188
1776 987
1617 1200
4492 1045
288 4265
2280 3522
1032 2656
3203 4741
2494 2271
4806 4341
4165 1336
2815 4434
1712 3325
2044 264
298 192
3170 3177
1952 1427
1124 1416
2345 3978
3415 2291
981 3632
190 3672
1684 2551
3193 852
160 4004
2139 815
150 3170
4476 436
1913 4446
1084 3472
288 2075
410 2801
3288 3991
2588 4465
540 517
344 2818
3317 1213
4474 2101
2533 3369
4630 1046
2000 641
1328 322
77 3433
2850 3155
857 3273
3502 1883
2414 4317
2965 3464
3946 2342
968 1159
4714 706
4877 3716
1688 951
2115 3816
3978 4958
1161 340
1158 4869
1965 1741
2731 661
3289 1960
1937 1126
1922 1440
4268 1799
4387 1542
1917 2394
1183 3233
4457 1727
887 2094
2414 4312
219 697
804 2230
2404 4773
1008 1362
1529 824
2975 3990
2648 4475
2168 1309
2392 496
4523 2767
892 4972
4889 2042
506 1528
2139 1366
445 1626
4280 4207
473 4802
569 1233
13 3642
784 3471
2621 1268
1217 2084
1520 2115
1031 1342
543 2043
2393 2767
1272 4946
247 630
4097 4291
1208 2469
2665 936
2461 4996
2988 2824
3612 2543
3845 2266
2717 3764
4657 3641
3945 2511
4233 2320
2701 2425
2664 944
2105 710
4214 911
3997 4486
1700 4411
654 3486
2625 744
1830 3024
2461 3334
1346 2872
260 2526
3200 1793
3245 918
2656 2367
4387 251
2746 3278
4627 2775
2264 571
3751 3876
150 850
3715 2184
551 1232
4142 2257
4186 3313
3172 2842
1269 3997
4353 4022
16 1326
808 2948
2693 2117
1549 3164
1430 3533
2424 4450
3720 1928
1579 336
1335 1714
125 313
978 4819
2537 2707
3257 2872
3360 4732
884 524
494 2913
3413 2043
428 2522
4944 2287
4025 1034
3178 2039
4934 822
3400 2188
1434 580
2650 518
1036 1142
3096 1191
1863 351
4699 2925
4779 2029
1543 4894
1249 3615
3335 608
4231 4305
3074 1775
1621 3166
413 4626
3391 854
4313 1591
252 920
582 4918
2206 1657
4144 3428
2683 2237
1097 3377
371 2933
1839 2916
3459 1570
1119 3437
538 369
4594 1771
2882 1584
879 807
4145 4215
1706 3209
2008 1459
1852 1786
3980 4015
3602 1370
4291 900
4730 1114
2665 2515
4747 460
2700 1008
2796 2858
21 1889
4792 4605
2856 2102
857 2079
901 1916
2443 3482
1648 2253
4570 3906
4053 1715
334 3761
4721 437
2038 2242
1541 3256
3251 3464
516 4417
1327 415
167 3522
2269 4899
2559 1563
2482 4152
3019 139
1164 3378
82 3223
3778 2119
3011 1731
2677 1641
739 3199
4158 4311
3071 43
3648 1231
3258 310
1598 2405
1890 1259
3936 111
46 597
354 1420
1674 4709
3590 2
263 2009
4212 4871
4324 2375
3350 1650
618 4795
3617 4091
1838 2405
2777 896
2176 3222
427 3266
3452 1268
2249 1064
1038 325
1002 3026
3700 3857
2680 520
3343 2274
2534 899
3817 2136
2314 1028
4133 2392
943 4797
3620 2277
3558 4661
3860 1482
2094 2192
470 1591
209 877
1599 3426
113 1793
1047 455
779 4933
4745 1475
2338 4852
1898 1910
3375 4312
4798 1415
2521 4397
1543 700
4455 325
4799 3906
4501 357
1448 3210
4663 1576
4921 3069
3071 4763
2484 4785
3005 1609
3630 860
1376 1128
1863 4464
888 2172
4323 3312
2197 4002
1088 4426
2245 4056
1289 869
250 2083
2242 3445
2467 4176
4540 1213
2189 3191
2971 1764
2256 1213
127 1628
2630 41
432 4975
1978 2578
4229 554
1286 2246
2855 2078
1479 1550
3361 3236
4405 1976
3827 329
1557 3597
4424 3611
4473 2549
4284 3723
2508 7
1402 4843
2710 4422
2836 1026
2623 1864
1468 3869
4185 4208
2563 1921
2790 1871
4249 3430
3420 2790
68 998
2646 2591
44 3734
3326 4757
3318 2628
3815 2089
55 1522
152 247
500 2074
4341 3664
2800 2779
3832 1416
3822 1858
2353 1915
4223 4364
1217 2028
1645 4995
3061 1206
1145 2151
1841 951
4859 87
3475 2154
728 1473
1490 3779
4968 518
3663 4976
417 593
1250 1846
2054 2738
2424 1410
4524 509
339 3642
4894 2040
2371 627
671 2150
2812 4251
3273 117
400 497
1795 1063
1350 1660
4600 631
1498 2866
782 1114
464 459
3876 1744
267 684
128 4594
795 3032
4039 959
3455 4332
302 3042
3190 3689
1353 1910
1276 1944
2602 2149
123 817
644 1325
1000 533
1328 1932
4120 4197
4952 4005
1995 130
3050 4835
56 350
120 750
809 3634
1526 2932
4623 3050
3707 993
3337 2454
3995 4842
1290 1322
3 1151
1401 2937
1527 3895
100 3149
1602 2056
1495 738
2972 1543
4218 1660
4832 2821
1169 981
1262 3715
2920 332
2830 839
2662 819
3327 3583
4097 767
1399 1605
2475 1173
4051 1644
2676 4923
4729 4770
3735 3565
1612 2751
1841 2778
4456 453
4584 1118
703 8
3584 4448
3572 2327
340 3127
3917 532
3651 424
4206 1056
2848 4171
3076 3611
3046 808
3662 3963
1460 804
2195 282
2878 432
928 2101
2181 1619
4241 754
1280 4063
3667 442
3538 4370
3359 2176
3053 782
4617 4744
615 922
1513 947
4876 4074
1777 1626
1261 1941
3913 4217
2512 1102
768 326
632 662
1076 2618
902 4287
3204 3112
4968 4068
2979 2723
1265 1543
2247 3085
3257 3787
1547 1365
990 1675
874 3320
1970 2066
4694 1195
4552 485
3384 632
4922 2021
840 4360
436 2218
159 2368
2886 2341
2306 174
2478 1092
1298 3902
1028 188
794 3600
602 313
4569 3084
1268 3562
1737 3345
3036 2955
535 394
2810 4538
204 1923
1402 862
2091 3186
4397 4909
676 3553
44 2566
1088 4659
1962 382
1678 2413
3698 374
2670 4063
2914 2716
3212 3819
3398 2105
4102 4933
904 4884
1273 1115
3406 749
1682 2415
1612 2556
625 3443
4244 3315
1594 4693
2939 2457
4823 3051
3350 1457
1264 4040
140 3114
1021 2328
766 3512
3853 3136
820 3099
3728 4929
1290 550
34 1543
491 4435
3424 381
53 1605
4072 1284
1382 637
2356 91
2860 4610
4864 3744
3331 1171
1341 1304
4962 4198
4140 4604
791 3751
4911 3453
4053 1457
2300 4465
4235 4760
4619 4230
4375 2682
3738 3583
2491 907
2911 829
4694 632
2566 3007
110 1671
1316 2509
4436 2637
4971 809
3520 311
1438 31
392 1110
4288 254
2659 580
720 3111
507 1548
392 382
314 385
3854 1888
1011 4005
1890 4068
1413 3926
1825 3188
2868 4284
3170 630
3328 781
4199 725
930 828
4158 4854
3356 4544
2512 3936
1976 1345
3417 2883
3908 1793
3522 2612
900 656
1636 4344
4256 1152
790 1616
864 1042
3984 355
2846 2065
4512 1466
2683 3917
2421 1080
4996 4363
1747 1336
1470 4971
2854 2460
3944 4609
2291 3907
2608 4033
1795 354
3432 3861
3793 2622
3194 1265
4478 913
1946 57
3506 3132
2899 665
3014 2460
1261 1116
3912 4272
3070 4537
1095 1825
3334 2755
968 2698
1311 2960
1944 4331
4812 397
3995 3761
1553 3056
2372 104
4884 2326
2741 3163
219 4502
3922 3859
4678 949
1001 4959
3854 3067
3420 4403
3838 1374
171 1404
2417 3781
4547 2074
4813 2472
4988 4143
4566 431
2738 903
3157 968
3049 2257
746 4149
3783 317
3320 2837
3740 1638
1761 1105
2461 490
4993 50
946 3999
2191 2057
3884 2328
393 4095
1867 1136
3320 2158
2999 3695
2108 4215
3998 4363
1977 4238
1357 2049
802 1355
2130 3572
2724 643
433 2253
2415 2894
3614 2715
2128 4258
427 1245
1826 2640
4002 902
2527 2917
1237 3503
2626 2596
4427 2764
1102 1385
2758 3376
4052 1681
1603 3282
4073 4585
2978 2572
4494 1852
4999 3577
116 4377
3695 4616
464 548
3959 86
2131 4908
114 2224
3373 4469
3609 1225
2243 3655
4216 1025
543 3518
2399 2079
2295 3355
318 664
3472 2235
2892 3097
4276 2319
3866 105
2665 860
1347 4666
1237 4011
2415 1930
4095 4332
624 1773
1984 558
2084 1901
3825 474
2957 68
4110 3825
566 921
4364 4419
1591 1578
1351 2202
1234 553
871 2214
1206 3338
3108 2554
1044 4332
616 3975
2216 2990
531 1360
66 2011
2997 1221
454 73
4863 1548
1417 143
2731 1612
4126 885
2781 668
3448 1208
3602 2780
616 1358
3473 2618
4024 3550
998 256
473 1716
2790 4003
2522 308
4928 1727
1875 2013
129 4058
1225 4769
2443 2622
34 2833
2471 4731
3275 1421
1616 4629
392 2237
2218 4425
2269 3346
4923 3933
2378 816
1129 2881
3396 4848
2572 4097
4098 2993
1877 876
2924 343
3454 1858
2587 3567
716 1161
3605 3489
2291 4896
2320 511
3393 3488
4041 2117
2078 2528
1957 1946
1538 2137
1751 1630
4960 497
3811 2212
1769 2435
107 3658
3492 1022
1025 2486
2508 3709
4676 1580
3547 783
4686 4509
1278 1232
2189 674
3768 2464
1968 4481
243 2362
1773 759
1132 3696
1440 2127
631 3917
3182 2306
3596 2419
1627 15
2000 4806
2385 37
3310 2321
51 279
1543 3295
217 4999
768 2461
1676 2126
2627 62
532 282
1209 1527
3375 681
4519 4188
445 1822
350 1722
1642 2602
3039 1102
4444 2308
1126 3446
4174 964
1790 2303
3981 2412
3238 1839
1312 1840
467 4796
2453 2352
854 188
2513 2915
343 4094
848 2382
1954 1897
4287 2718
1401 692
4221 4786
1546 2086
4321 197
4315 2327
2224 410
3579 4982
4846 1608
1306 3732
1543 2064
4043 408
3254 3821
249 933
2926 4340
3313 1514
2047 1092
2559 1424
2436 735
2971 73
4258 4865
572 1118
1043 4433
3037 1874
3284 2669
3008 4326
2468 3619
3065 4588
966 2182
3308 1216
4800 2150
946 4739
3917 2243
3375 2058
4928 3058
3807 4303
1491 649
4483 1718
3886 1256
638 867
835 2824
1974 4946
2778 3625
2983 1887
289 575
4985 2903
3014 2676
2453 3038
2088 2252
3179 3338
2659 2604
3545 1736
2258 2020
4127 4774
2089 599
4254 4841
443 3129
2690 3712
1842 1633
4941 2064
1830 367
975 3706
3696 2959
4907 1778
3023 4382
459 2992
3939 1556
4982 468
1535 1171
1745 3990
4340 3520
1764 44
2092 127
2646 2424
1916 3531
3396 1017
4934 2879
598 2249
3630 4678
2530 318
4691 3994
630 4661
2736 43
1464 892
3572 158
4272 1214
2215 1784
4360 1093
3966 2459
722 2098
376 385
579 1401
3218 3758
639 4140
3647 3619
1253 2460
3260 4703
1572 1735
2068 2833
1878 1230
3584 452
3340 3046
4641 1802
2082 1594
2984 3716
2725 735
2486 664
4802 2544
4031 4677
4808 4203
3005 1275
4153 995
1938 3382
4789 1287
3910 4333
3960 3075
3290 622
1973 2534
3435 4084
4443 4596
3107 1819
1927 2245
325 4715
4921 2766
2928 563
1515 942
1078 1016
1552 2619
4365 695
4250 2374
1517 3591
4919 316
379 4723
1196 1942
2229 4854
3106 2676
1495 175
224 3062
1630 824
337 2059
268 137
24 381
1827 3082
2081 1324
1756 3329
3618 3266
3802 4833
4114 2975
1811 3372
2352 2215
3079 1673
4207 1240
4044 3217
4745 528
1489 3615
1529 4943
4610 2607
3134 1688
4331 657
3221 4470
225 1229
2949 917
2565 4152
3145 1142
514 440
3089 4047
2625 2277
499 1834
3690 4169
1777 1741
2878 657
4522 1538
3251 972
4501 3784
560 3795
4690 1713
3458 3130
1996 2029
1422 55
1925 2200
1455 288
1376 1815
2626 4577
4741 2761
1568 2278
4536 2475
3357 1926
3115 332
2759 4793
2477 2035
4832 4963
59 3845
3344 3793
206 4220
4644 1219
1445 4668
2267 3835
3180 4648
499 590
3541 3996
320 2816
398 2724
1141 1501
2724 4341
3438 1349
2343 1026
4356 1263
1205 1187
3274 3465
3419 2089
1625 2663
3241 4900
2623 794
862 2584
2709 2507
3516 2277
4088 1545
1972 4463
1263 871
3237 2718
1559 3945
4074 1790
3692 2208
18 193
2610 1723
2172 4987
4107 2345
4393 1543
3697 3597
4244 2649
4141 4393
128 2707
217 3550
3258 579
2180 4467
1695 4677
4900 212
1806 109
4752 4181
2233 2384
4982 3631
4464 2644
1187 2865
294 2149
401 4003
2312 1081
2038 488
3852 990
3627 1642
2414 1482
1929 826
4609 2268
2739 3271
4372 4913
2336 1510
1898 4345
2759 276
4687 75
4849 4233
1879 1030
849 1493
3209 570
991 4671
1773 662
4133 2955
2834 1259
1441 3123
4571 3137
3093 4498
2531 2649
1363 2629
302 1562
2045 1539
1393 976
2196 3326
1165 1402
191 4874
2544 787
3479 3230
989 2555
1360 2345
2069 3214
3459 2479
3022 2766
482 4060
1203 3445
1338 3912
3116 3517
2680 555
1135 491
2686 2202
711 3241
4549 3443
2852 83
4335 1558
4139 3637
3133 1229
1296 4331
4150 4117
3641 1697
2625 3149
4 1644
189 839
1020 1361
1007 1485
1320 748
1429 4789
3621 3195
4313 2520
3061 3796
1279 759
479 940
4314 4279
225 1882
2035 1207
1188 1612
1516 1751
479 3576
428 4067
239 3541
4876 2280
1821 323
2586 191
3543 2440
307 1216
4564 941
3847 1040
1506 4329
2967 2190
1659 3516
754 3250
1504 3718
3417 335
1099 1480
4151 3891
3611 1339
3101 4149
2204 4241
973 2150
2974 521
3165 1899
680 3054
4998 18
2563 1498
3662 2218
3627 1631
3531 464
3204 2590
2793 3168
33 2348
4645 249
3451 3866
3235 4323
3431 44
2061 1285
4417 1508
4485 2962
3889 4815
46 484
1771 3512
2469 1573
555 2844
4245 4937
448 638
2844 536
1840 4620
4248 482
1452 834
4870 3827
3926 653
372 1154
4224 1146
1837 1589
1367 656
4421 1567
560 3732
1430 1789
4330 2988
1898 629
3476 869
1041 983
3544 952
3718 4344
1552 323
261 4173
1272 1509
1080 4422
3756 1940
4827 3219
4987 1458
3140 875
1444 3884
4623 426
1000 3805
2304 2210
841 1355
826 4614
1329 3217
632 3459
4302 2173
2010 3432
2213 4498
1714 1696
3220 2528
3496 4317
244 2315
1875 4583
1943 762
3792 533
1310 4560
2472 2923
1102 3000
4909 2021
1076 1965
453 4627
2495 2360
4843 165
1493 726
4922 4921
600 1616
4923 138
634 2540
3649 4579
3423 3988
3259 3949
2395 3198
3458 1718
4436 2308
1971 2587
2824 4733
1535 1518
2 2460
3833 2259
1945 4975
4008 1752
2193 739
4926 4195
510 2893
3840 1857
2798 1556
543 1307
1623 4646
1973 4419
1025 848
2196 1721
4077 1042
1812 751
4543 3577
1716 323
4399 4015
3555 1718
2606 2032
287 1024
4991 583
3478 350
2524 3753
4131 1495
2755 4743
4851 2028
4368 4090
1736 318
964 1322
2110 276
1078 720
1036 988
1082 3828
2109 1754
1991 465
2063 3416
2286 336
948 333
2831 4235
4552 1656
4246 1851
3506 1878
1806 1499
1015 1371
4844 759
3370 990
3416 1191
4768 215
3911 4616
28 2901
1581 3837
2278 3491
833 2258
4218 2788
3337 4489
1070 495
3712 241
11 2020
2925 3676
4192 2823
1237 3215
1123 660
3140 2359
698 3916
4504 3026
561 1911
2615 2780
2228 1091
1002 3971
4144 2803
897 3301
1149 2203
1233 1705
1022 139
1156 1819
1396 4179
2592 4540
4320 2230
146 497
4272 98
3100 2154
3772 2407
2413 758
3641 2613
88 4549
2237 643
680 590
4292 2533
1050 3411
1083 3030
2707 2194
4795 967
3284 2028
960 518
411 3635
747 1722
172 2080
3684 4885
4375 4603
820 2180
4548 2279
1826 1212
3932 1340
973 2725
1562 2815
2625 2659
2635 1127
4757 1970
4617 2193
236 514
2686 3711
3579 1075
3119 4332
603 2787
1910 3443
734 1005
2765 1897
1360 4053
2448 1135
3166 578
1402 3821
2130 1170
3235 3316
3154 1996
2592 762
3157 1314
4035 4955
495 934
733 2422
3255 1422
2273 4774
2391 3027
3355 2354
4940 3350
793 2856
3816 1612
57 1245
2268 4812
1187 4055
593 4646
2368 4911
3080 2727
2067 2201
2960 2866
4270 774
4953 3513
497 3388
3535 972
791 4052
1257 3465
153 517
2906 676
2783 4655
2528 9
411 938
1955 1776
1033 1032
4560 3128
3237 2576
3407 2232
4147 1332
1897 1418
2156 214
646 1360
2543 2142
4118 3395
3951 967
854 874
2924 67
286 2824
3140 2156
320 4034
3139 2501
3427 4375
1241 4880
3538 2112
475 1953
4871 2137
4444 1242
3939 3433
1942 2688
218 1783
1691 583
114 797
1825 3250
805 3962
454 1501
3040 322
4631 838
1707 2425
1391 1905
3793 2145
295 2475
3082 2847
4025 4761
2368 756
313 1507
838 4675
3958 4643
1344 1134
4989 346
1167 1534
1207 2829
1203 3339
3380 619
3238 648
4008 347
582 763
2037 4723
2555 364
4177 2964
4155 2387
378 325
146 4991
4111 724
6 2525
2080 556
1874 1061
2033 3364
1864 1267
2491 4564
1981 2052
491 4198
2352 1887
2135 3666
4971 1143
958 337
3493 1174
1784 3391
2430 828
1054 2003
4229 4936
2459 3457
247 4935
1179 2626
4121 3851
923 4610
2551 4285
2785 3050
214 2693
2877 4558
3823 3513
3736 1970
1077 3757
1107 865
2098 2690
2540 2255
4180 1058
2413 3375
4262 2955
1901 735
268 4090
2868 2443
4150 2937
3913 2095
625 2452
1781 801
3266 1513
189 3014
3573 4495
156 4892
909 2952
1328 2551
3765 2905
2390 1624
4246 97
3536 1179
4106 1008
1678 2896
1096 2707
1907 1589
2705 3157
3297 3314
339 520
775 4756
1915 4308
3826 4062
3512 3631
1258 2333
622 214
839 3195
2881 3210
3195 1974
938 2423
402 1090
599 2929
879 4620
2077 56
496 1696
1129 1621
2566 246
3008 2909
2781 1720
1372 4686
4483 1640
3896 2048
1527 4528
733 3782
4071 41
2574 1636
3479 287
4448 3652
1022 2645
3639 2724
4451 1997
2917 4473
2104 1435
796 2730
3542 4355
2142 2950
930 40
931 2960
1758 1814
3491 708
4898 4058
1252 3514
581 737
94 1259
303 2182
1021 1225
2625 4480
4799 4444
319 2571
1887 2762
628 974
297 2126
1607 3237
3879 3525
1925 2159
4195 3061
494 1611
1254 3407
5 2438
1800 2310
4466 2584
3824 1648
2178 1929
3759 1541
3146 1270
465 3022
2183 1496
3196 1095
298 4767
3091 3112
418 186
1005 4016
683 2578
3362 3227
277 1304
2253 239
872 1036
3152 3873
1663 4736
1901 413
2066 212
3377 1781
1048 595
550 3913
2404 3230
2657 4344
4792 3663
4968 1926
1367 2441
4328 3143
4088 4694
1494 1420
4656 321
1613 1035
2094 1349
912 2579
2405 2141
2280 1104
4758 4390
2192 971
2796 594
3167 870
1756 2878
3949 4783
4532 4510
4642 4347
515 2488
1380 4101
1498 3822
551 63
1954 3360
905 4736
2269 3705
2030 3542
9 3217
842 3374
731 3355
1718 130
2720 1799
2005 2986
4402 4931
4062 1286
1640 478
2188 3403
391 2221
2277 1140
2808 2113
3808 987
3074 3312
3987 3744
426 3324
1572 3561
4935 1913
1910 587
3251 842
2238 3808
4583 2679
550 2201
398 1440
4321 157
1406 4565
3376 2707
4226 400
2205 77
1779 507
1015 3542
2095 4015
1805 1917
3522 3964
2774 3426
1381 2944
1176 4696
925 98
1336 4123
2726 1830
2761 1533
4623 2734
4168 2532
2703 2462
3264 2621
4192 4896
1945 1863
2499 2202
4623 1233
4612 2805
3152 1926
4303 1415
4397 2739
355 4595
2389 2341
951 624
2614 4872
1202 3671
1477 1102
1127 4521
4808 4412
593 1689
4883 356
1043 85
4920 638
2404 4562
2850 4856
1136 4856
3667 2432
346 3644
1180 2631
1561 2710
4638 4928
3384 4922
327 465
2083 1482
1479 3650
647 1156
3899 2228
4601 776
3249 2204
1106 429
2645 2007
697 2780
2571 2376
2217 316
1151 96
3508 2192
3642 1093
3416 2398
2781 926
2850 3002
3571 406
1793 4171
4570 3944
1436 4907
2514 410
4310 2732
2585 1428
3192 4449
350 1882
4528 3819
2244 328
441 158
625 2399
4627 3771
4104 3813
2636 2415
3733 4929
4783 2204
1207 759
2276 3486
3506 4376
80 1097
1453 495
1295 2273
3057 2135
2455 2354
3140 481
1863 1377
1173 2516
888 618
1601 1477
2042 43
4732 1570
378 1793
4628 3418
2010 42
1603 2328
329 747
1771 4303
4605 3946
2407 1191
647 791
1791 424
3046 367
3220 3063
4383 2345
773 2295
1899 4885
2226 4858
953 2304
1615 4224
2453 2317
2299 967
281 1969
329 1740
1883 3078
230 49
3671 3531
1581 2128
2887 2561
4824 4758
608 2889
1399 667
4431 156
3685 4497
4428 1475
3225 3738
2349 1737
4515 568
2934 1189
4352 2719
4352 260
712 3814
32 3342
3469 4742
2209 376
2462 2961
604 90
4222 2016
3791 3826
7 4294
1499 2105
1482 3544
139 1708
3451 4345
2370 2126
3104 944
1860 2532
387 2765
384 3057
3313 4517
2068 3210
1129 978
3722 4085
1489 22
4362 4774
4437 3233
3943 2058
2682 1249
3422 4320
499 2922
3212 3564
1817 2839
4488 1150
1448 4591
393 3874
4543 955
4377 4145
2544 3982
2090 608
4185 2694
1384 1632
2042 2171
1311 2566
3553 486
4494 1411
3866 1028
629 3191
2762 1922
1475 1586
3438 3851
3499 2059
3792 4048
1279 476
2474 4560
4453 3229
4798 760
329 3944
4077 2140
2004 461
3398 910
4812 3503
2417 3566
868 991
877 1668
3989 2992
487 2514
4756 1706
1428 3117
4078 3715
4576 2165
4026 3346
1784 3739
830 1006
3613 1043
2197 2103
1954 3202
3295 331
4601 2850
2953 2012
3136 2643
126 2040
145 4956
1998 4745
2090 202
3775 4589
2627 1432
3409 2961
638 4408
4446 1330
1612 4729
3610 2756
2693 4066
3023 3615
3983 3061
1988 2438
3020 2599
2679 1314
1781 192
1368 1471
1388 1670
529 276
2752 1631
211 4137
58 4334
4666 1572
1920 381
4043 2213
3895 3997
3469 3755
4790 3562
3622 749
4977 4154
831 2614
419 1878
1787 1707
1432 1610
4196 2167
1202 4442
3119 2305
242 1110
2440 1444
2433 3128
1841 3632
1504 1211
4871 3135
829 582
4046 1026
2190 409
3999 4724
667 1080
1022 1951
303 3437
3792 870
4879 1186
829 195
127 1120
2347 1571
2241 2738
3659 3006
3503 485
2792 587
1027 532
532 179
2117 4959
2989 2876
2789 1267
4617 2690
3121 3288
3030 1209
4737 55
1421 3902
153 699
1424 1255
2783 850
1697 4160
1613 3155
1325 1391
1665 4458
3129 3490
412 2953
539 3751
1632 2786
1429 548
974 1091
2549 4456
2918 4952
2448 4586
1727 1047
1409 2321
2314 2048
1468 3748
1290 2740
424 579
4679 2512
196 765
2540 3338
1849 3779
2165 3923
3625 2749
3149 3333
4918 1100
615 3350
309 1775
3299 1086
2661 274
2515 21
1259 4028
3958 2625
2504 1863
4357 3327
1173 2950
3861 2776
1277 2538
2244 4302
1149 1581
1511 1454
1863 3075
2443 1200
2485 4525
1515 757
3004 4832
4650 1401
3742 2318
3081 3913
4141 3172
2339 1871
1045 3283
79 2259
4577 4890
2077 1492
2793 4396
589 1759
2578 2070
4836 791
927 796
1760 1567
4959 2165
639 1924
3294 1540
3091 3733
1608 3880
384 519
4803 1142
4561 3268
501 3845
4224 2701
2894 4682
1948 4968
3183 2918
2648 2355
4739 845
4226 2737
205 3191
4217 2500
906 213
2155 3005
3104 3116
3141 1824
1823 430
2716 3307
1423 2162
1900 2544
795 3224
895 4432
3421 737
2553 2459
2497 526
4001 54
2350 4744
4778 916
3114 1920
4946 3672
989 3153
2611 209
954 3418
920 1439
2185 1280
674 4741
224 1404
3701 688
3804 3793
1876 1151
2162 760
980 324
1930 639
4064 130
1999 3079
2104 934
88 1549
3143 2507
427 2980
2053 1681
1786 161
699 958
4382 671
909 3600
700 100
4764 2585
3397 3068
1565 843
4178 3908
3940 2742
2952 705
1309 1553
4384 1778
4748 2957
3482 4283
2731 2912
3923 3140
548 2497
3084 1378
4032 1287
173 4124
1552 2782
786 2336
4818 1004
3485 4031
3622 3761
2445 4646
672 2238
2021 4295
2017 2672
1671 863
3306 3965
3683 4841
616 2534
3922 635
3318 661
752 4543
1623 713
618 2982
148 2383
3940 4704
2981 67
4190 350
3115 4568
3608 467
2429 172
2091 4088
3401 231
1386 800
1950 2190
2801 1156
1055 1355
125 1487
2786 4983
3564 2788
1858 883
1022 3839
3707 3715
3516 561
1988 2837
3912 1952
3049 4152
2917 3158
841 2591
1512 3537
181 4456
1168 1787
2731 2329
2370 4299
1898 1075
2536 2372
4062 3433
3211 796
3142 3634
3526 4159
4916 4597
2397 1317
4365 181
2870 2338
2722 1253
4934 2020
3830 4197
4319 906
337 798
4569 1539
2004 2411
4295 181
1838 216
2611 1919
3751 3927
637 2321
3259 1729
4919 346
3681 3466
1213 4258
2108 1912
523 4433
1537 1989
4791 256
4602 3
2425 983
203 1519
3376 3030
1772 2441
1023 5000
2582 571
4575 1821
4881 1601
335 39
3420 2160
522 1615
4102 1289
3008 3177
4294 1975
3967 4413
2758 4207
1339 1855
4782 1104
395 4497
3646 2340
2174 1511
1802 4718
614 36
1381 4836
3356 2844
1664 2982
1685 473
4242 4359
116 2098
980 4548
1007 3016
3005 931
3638 2595
3076 742
1513 4829
4820 936
3953 445
2005 4391
4570 2175
328 1386
1159 3193
3843 1133
1135 1425
2334 427
3199 2029
61 899
3920 4075
2815 4254
4114 3627
3078 184
1200 1570
2552 2509
4478 4472
2829 2791
3337 740
1330 1693
2847 4734
4974 3685
1383 1733
1923 4284
3305 251
2887 2933
3488 2893
3395 3745
3415 3519
132 1591
1707 2328
3904 4597
3263 2714
1803 4989
4357 2141
4427 2218
4452 4795
2961 4581
2181 4887
825 3979
1179 490
3699 1658
1041 3679
4691 4996
2958 1128
2470 3458
1359 3079
4678 4061
1748 1273
2111 697
614 2312
4467 452
3934 4921
3595 173
434 1582
2288 1352
4492 3460
1321 3793
1219 4631
381 158
14 3988
2907 2762
4566 2631
3872 2720
3299 2703
985 341
3402 2791
1730 2673
3950 3638
22 4759
2517 3737
1599 4802
76 3551
4696 2394
4741 622
2882 4640
1551 1084
2148 47
207 2624
4759 4483
982 1002
4080 2911
99 713
3535 649
779 923
504 3968
5000
886 4055
783 4320
691 4092
658 4075
335 4181
882 4664
770 4616
18 4665
314 4470
882 4016
789 4309
406 4658
88 4188
171 4060
469 4032
890 4622
309 4673
601 4330
562 4644
389 4204
345 4544
36 4527
494 4464
691 4012
160 4347
219 4353
638 4333
321 4787
834 4876
662 4332
925 4587
452 4332
867 4630
778 4296
537 4066
194 4483
124 4331
505 4239
475 4827
231 4457
96 4103
16 4081
611 4887
74 4493
880 4721
536 4097
514 4885
278 4768
415 4607
85 4023
462 4103
729 4759
567 4648
186 4295
930 4091
56 4827
786 4001
258 4958
483 4875
497 4153
10 4491
824 4186
764 4855
879 4972
658 4450
489 4761
811 4281
74 4936
418 4461
477 4703
234 4494
468 4303
903 4475
201 4027
727 4985
845 4271
857 4122
760 4480
900 4978
816 4504
75 4943
229 4502
751 4913
588 4815
966 4676
978 4376
459 4989
821 4128
502 4123
301 4998
974 4921
192 4173
131 4486
382 4762
73 4980
74 4586
922 4736
514 4981
147 4631
825 4252
274 4363
99 4273
70 4384
193 4971
111 4946
286 4095
784 4939
496 4014
786 4087
163 4865
363 4678
218 4269
839 4180
56 4142
253 4082
151 4998
254 4459
679 4563
993 4967
944 4026
107 4881
851 4982
645 4847
70 4607
622 4596
79 4292
778 4672
707 4958
939 4795
71 4906
560 4700
359 4629
59 4909
829 4621
319 4114
324 4381
177 4262
429 4837
742 4469
114 4826
750 4391
145 4291
255 4810
348 4888
181 4733
743 4937
177 4468
289 4850
224 4983
166 4800
597 4217
468 4715
553 4594
260 4041
418 4181
948 4903
290 4479
43 4855
657 4028
68 4952
70 4849
527 4337
682 4386
204 4188
293 4658
274 4963
773 4452
863 4068
12 4013
480 4956
713 4142
475 4197
210 4267
27 4183
777 4510
684 4568
188 4865
80 4724
578 4541
186 4764
354 4310
240 4415
486 4547
118 4841
640 4895
801 4685
596 4066
256 4124
791 4101
250 4684
102 4528
596 4816
129 4203
330 4922
297 4271
505 4593
576 4251
890 4435
305 4782
961 4721
72 4944
366 4541
194 4679
204 4229
552 4723
208 4277
48 4833
92 4599
333 4689
709 4498
200 4694
714 4516
438 4657
782 4815
956 4917
472 4829
785 4336
592 4580
331 4263
812 4183
397 4583
829 4859
423 4267
812 4949
246 4545
849 4461
806 4252
789 4964
197 4712
981 4788
633 4335
618 4108
269 4647
399 4296
528 4880
771 4947
239 4991
776 4765
268 4685
283 4955
934 4469
421 4866
331 4167
57 4497
188 4392
55 4329
456 4902
720 4326
555 4853
675 4467
464 4916
48 4144
301 4428
755 4612
246 4726
386 4600
468 4483
67 4905
688 4913
736 4268
291 4680
540 4391
167 4265
219 4148
59 4866
276 4541
979 4001
570 4455
887 4847
900 4918
21 4584
890 4693
465 4852
393 4051
948 4048
88 4252
930 4962
476 4901
280 4159
441 4294
902 4229
634 4245
378 4320
778 4687
541 4526
388 4022
882 4233
376 4401
156 4704
48 4519
879 4149
338 4554
610 4717
638 4764
163 4570
298 4378
819 4192
76 4747
124 4841
72 4240
192 4218
363 4394
812 4203
623 4021
13 4103
647 4198
641 4576
758 4405
610 4200
539 4091
878 4032
824 4843
90 4633
739 4192
377 4852
436 4107
775 4843
240 4322
723 4036
454 4136
125 4281
544 4487
859 4009
276 4326
290 4461
731 4506
955 4866
473 4718
308 4370
495 4468
225 4121
438 4175
539 4953
869 4231
224 4829
348 4994
50 4870
361 4762
84 4144
171 4732
787 4322
430 4074
314 4944
983 4166
840 4617
648 4670
917 4272
69 4853
275 4268
904 4592
314 4231
906 4900
734 4902
155 4608
797 4461
76 4399
84 4937
891 4370
337 4923
512 4704
366 4992
309 4174
628 4177
906 4748
391 4212
202 4085
457 4136
312 4053
897 4881
790 4121
637 4224
512 4392
173 4928
876 4179
34 4241
572 4910
415 4581
328 4492
999 4492
877 4221
999 4304
123 4831
45 4761
638 4478
802 4175
98 4068
708 4017
117 4974
127 4552
111 4261
412 4123
797 4256
522 4569
519 4185
829 4193
566 4831
596 4538
530 4462
631 4874
843 4790
25 4551
879 4497
738 4672
651 4930
328 4233
61 4350
104 4345
938 4037
303 4076
435 4253
846 4272
677 4891
453 4305
25 4353
462 4259
473 4502
454 4251
204 4897
456 4108
460 4403
939 4331
694 4160
436 4699
866 4909
383 4158
900 4207
938 4272
961 4912
386 4396
942 4552
947 4252
190 4645
522 4378
650 4499
981 4495
542 4202
197 4838
714 4379
435 4065
38 4121
1 4271
705 4999
458 4523
364 4926
60 4773
586 4388
957 4437
315 4451
972 4739
993 4511
593 4552
251 4654
888 4914
96 4438
50 4802
334 4816
173 4039
916 4326
685 4136
180 4862
378 4330
69 4860
524 4253
216 4441
92 4776
513 4351
37 4782
289 4752
107 4423
18 4209
627 4360
450 4427
227 4718
795 4859
291 4238
58 4239
860 4597
935 4017
840 4390
452 4495
251 4327
762 4712
984 4010
248 4543
495 4861
926 4845
741 4434
969 4281
36 4036
111 4247
181 4582
997 4170
35 4268
999 4578
562 4319
401 4620
592 4473
259 4196
266 4541
842 4971
2 4124
237 4169
592 4271
596 4298
783 4585
672 4345
882 4097
887 4894
278 4744
47 4239
505 4831
557 4880
571 4855
30 4682
180 4533
133 4805
894 4044
870 4518
381 4209
156 4223
196 4893
718 4522
154 4333
502 4476
973 4290
901 4441
413 4736
73 4235
957 4119
297 4259
877 4395
539 4404
979 4621
251 4435
163 4526
591 4696
84 4887
760 4353
917 4091
204 4571
353 4104
50 4368
727 4392
685 4239
60 4010
861 4222
277 4320
666 4257
608 4254
770 4441
226 4128
429 4179
798 4201
279 4390
484 4723
471 4499
657 4555
557 4642
46 4409
249 4265
275 4976
417 4380
925 4050
635 4675
445 4513
92 4567
19 4933
856 4731
467 4330
28 4162
167 4366
671 4333
741 4411
920 4402
666 4249
508 4819
535 4865
239 4748
827 4882
989 4867
234 4132
849 4517
917 4111
406 4301
297 4473
725 4173
900 4706
758 4344
701 4376
673 4453
44 4625
23 4765
786 4925
29 4551
386 4896
162 4328
496 4017
409 4508
224 4916
969 4132
578 4695
130 4133
85 4216
338 4861
482 4554
786 4653
99 4033
547 4021
355 4108
532 4292
463 4188
168 4218
62 4470
412 4964
941 4621
87 4893
605 4533
901 4805
513 4383
373 4035
571 4217
33 4530
911 4290
877 4406
578 4998
924 4147
84 4406
144 4754
76 4732
465 4819
226 4282
656 4010
987 4385
804 4314
440 4249
173 4683
1 4036
623 4123
720 4458
240 4094
568 4346
189 4037
200 4517
578 4280
458 4676
682 4684
170 4043
158 4107
179 4124
736 4606
51 4941
939 4676
114 4853
571 4912
463 4690
675 4549
820 4074
511 4393
459 4971
382 4730
745 4108
909 4676
322 4760
960 4327
877 4719
937 4833
689 4531
222 4014
336 4443
559 4122
771 4386
877 4667
71 4501
809 4552
438 4535
516 4635
712 4005
498 4661
628 4145
85 4478
394 4840
311 4818
627 4714
696 4754
99 4981
73 4489
669 4498
127 4633
903 4650
813 4129
104 4297
363 4648
216 4511
3 4175
959 4158
606 4193
817 4096
34 4201
599 4668
151 4384
145 4045
338 4651
412 4761
129 4759
142 4411
145 4485
426 4824
124 4484
424 4634
551 4265
419 4311
19 4695
10 4191
553 4759
735 4656
268 4911
68 4913
10 4299
648 4465
867 4948
996 4374
5 4883
226 4006
655 4516
48 4622
165 4723
969 4899
404 4337
453 4069
982 4315
627 4957
543 4239
236 4963
785 4790
953 4449
285 5000
679 4533
27 4635
562 4281
932 4946
112 4587
446 4014
32 4772
728 4526
635 4769
775 4366
489 4868
896 4097
559 4809
630 4998
600 4800
374 4236
953 4510
114 4726
649 4106
515 4029
185 4809
658 4882
497 4561
312 4334
123 4037
285 4687
771 4006
830 4876
263 4700
946 4003
20 4928
16 4639
194 4170
673 4420
632 4722
851 4686
914 4735
873 4277
642 4681
597 4658
30 4784
439 4727
849 4537
971 4720
883 4517
406 4628
877 4256
977 4018
248 4705
81 4420
582 4687
741 4661
724 4519
362 4129
909 4334
909 4450
10 4322
831 4445
257 4878
829 4974
500 4610
648 4137
924 4527
377 4308
581 4780
450 4406
499 4578
642 4824
349 4408
671 4806
202 4270
392 4092
33 4130
91 4545
461 4766
733 4502
273 4196
352 4075
448 4502
690 4270
200 4457
396 4802
848 4755
823 4106
839 4353
78 4723
351 4027
384 4027
147 4090
588 4636
852 4951
203 4831
138 4195
400 4425
57 4494
275 4791
658 4433
806 4010
716 4130
983 4560
786 4708
64 4737
118 4691
267 4284
406 4248
194 4142
287 4506
806 4313
112 4927
174 4148
896 4829
843 4815
281 4644
769 4867
655 4167
865 4604
92 4759
917 4142
422 4599
83 4026
716 4358
981 4389
245 4983
768 4661
217 4344
796 4947
964 4156
995 4951
784 4353
110 4263
145 4578
868 4478
743 4195
124 4285
880 4175
454 4002
525 4034
61 4220
438 4326
663 4410
95 4870
656 4735
725 4139
683 4094
580 4298
691 4990
827 4163
49 4317
963 4105
679 4180
35 4859
428 4326
55 4061
745 4216
970 4886
956 4225
394 4024
346 4167
35 4994
979 4037
239 4846
344 4350
804 4202
744 4313
590 4279
308 4355
359 4875
871 4166
612 4928
386 4635
410 4177
463 4129
841 4336
732 4875
983 4721
74 4163
568 4533
871 4626
341 4599
481 4019
242 4606
476 4546
21 4999
766 4121
811 4753
768 4245
717 4190
351 4738
708 4893
645 4700
816 4872
514 4217
687 4598
574 4071
860 4201
371 4114
614 4446
687 4699
579 4791
752 4311
45 4825
715 4557
547 4933
678 4493
811 4254
956 4225
943 4247
497 4998
565 4147
799 4152
483 4714
880 4103
411 4327
877 4267
59 4827
286 4521
553 4832
787 4523
21 4501
618 4730
815 4917
970 4243
466 4734
272 4202
409 4219
320 4842
794 4857
894 4617
416 4641
485 4684
645 4539
248 4358
583 4934
279 4840
114 4008
700 4607
391 4472
495 4057
652 4237
279 4886
275 4253
418 4559
999 4133
350 4344
493 4484
224 4822
216 4303
334 4023
463 4619
456 4411
802 4116
572 4647
523 4217
147 4412
994 4444
541 4162
532 4626
644 4463
772 4600
840 4637
282 4120
542 4295
812 4118
127 4843
66 4847
854 4421
454 4507
2 4727
276 4382
437 4795
614 4594
436 4037
555 4115
752 4689
713 4096
844 4904
736 4445
87 4234
169 4234
332 4970
343 4745
513 4957
133 4179
646 4553
489 4064
918 4902
95 4481
994 4343
336 4662
532 4117
812 4246
889 4912
582 4291
547 4436
952 4682
774 4685
23 4075
673 4620
295 4149
743 4189
82 4063
415 4942
413 4143
832 4041
108 4612
209 4300
63 4459
696 4789
164 4657
578 4216
752 4813
627 4092
376 4532
845 4521
397 4449
654 4594
519 4812
413 4331
9 4174
918 4378
486 4013
815 4069
313 4693
801 4024
835 4177
107 4091
89 4229
955 4653
292 4211
279 4676
518 4736
627 4017
41 4677
747 4692
18 4252
412 4802
790 4777
350 4233
875 4693
628 4160
26 4954
495 4327
644 4848
176 4963
131 4146
957 4382
434 4840
30 4600
503 4963
376 4393
432 4771
753 4282
492 4520
13 4039
756 4523
721 4405
178 4955
910 4396
560 4375
56 4435
867 4999
368 4142
849 4986
814 4082
2 4070
603 4547
12 4209
38 4682
537 4490
46 4480
124 4959
975 4792
345 4318
952 4513
909 4298
21 4848
22 4604
736 4669
396 4110
821 4253
249 4870
165 4705
140 4599
20 4689
252 4871
191 4523
75 4633
944 4945
593 4113
797 4102
155 4122
845 4567
892 4263
20 4722
634 4236
777 4337
196 4402
302 4931
131 4453
729 4351
206 4015
625 4880
634 4193
226 4079
833 4581
748 4564
995 4205
888 4090
619 4610
686 4430
588 4403
227 4614
411 4572
526 4730
526 4139
389 4077
45 4906
564 4240
520 4839
614 4306
754 4594
222 4810
748 4620
936 4969
589 4515
164 4736
137 4437
139 4189
471 4987
781 4118
727 4505
810 4634
499 4463
959 4962
614 4554
948 4795
587 4961
531 4193
199 4295
356 4651
569 4947
159 4025
161 4481
65 4830
799 4655
50 4318
365 4487
918 4382
536 4544
268 4455
723 4340
259 4841
644 4888
27 4040
59 4870
635 4408
336 4346
879 4656
700 4695
676 4360
59 4751
55 4762
1 4269
762 4738
507 4636
377 4798
119 4748
629 4333
14 4288
798 4191
968 4609
614 4641
977 4016
963 4733
955 4022
997 4731
300 4621
250 4163
353 4123
278 4318
236 4394
983 4352
466 4649
792 4518
399 4937
667 4927
494 4487
789 4805
124 4733
93 4569
53 4192
477 4488
809 4007
828 4904
304 4801
218 4489
931 4644
750 4148
125 4397
837 4469
978 4779
196 4504
366 4338
240 4021
489 4137
683 4451
354 4251
610 4998
722 4591
484 4882
731 4374
990 4283
808 4376
845 4730
383 4198
740 4153
772 4230
215 4457
543 4241
934 4464
329 4036
886 4644
75 4265
548 4294
720 4451
884 4200
372 4236
889 4557
628 4751
406 4851
456 4510
60 4362
887 4801
525 4458
841 4059
192 4438
443 4942
590 4923
431 4848
565 4695
490 4836
730 4938
426 4258
261 4526
999 4098
71 4007
488 4571
247 4481
666 4942
893 4996
77 4978
455 4304
176 4998
187 4737
494 4633
283 4650
104 4626
927 4921
21 4863
872 4767
303 4375
217 4900
320 4174
635 4021
69 4036
897 4230
690 4964
281 4318
486 4518
572 4813
105 4805
679 4966
875 4942
883 4180
982 4565
842 4447
238 4479
492 4981
184 4895
609 4087
833 4099
543 4064
352 4003
350 4095
807 4981
842 4551
422 4866
153 4811
961 4230
742 4724
756 4122
181 4095
43 4474
744 4903
542 4630
745 4374
5 4082
345 4379
128 4629
464 4307
187 4498
366 4632
912 4801
153 4410
301 4179
152 4073
23 4311
944 4062
271 4360
92 4068
484 4524
971 4171
409 4107
853 4031
9 4164
773 4755
448 4423
13 4407
356 4914
783 4883
908 4573
496 4417
392 4765
146 4828
553 4233
626 4852
329 4271
30 4661
486 4924
283 4851
683 4478
319 4598
728 4202
626 4509
772 4061
34 4172
808 4900
663 4462
861 4594
84 4234
529 4429
472 4838
22 4352
860 4084
147 4222
661 4647
767 4460
492 4820
475 4220
548 4009
871 4882
947 4352
408 4815
509 4120
665 4463
246 4175
919 4148
191 4354
505 4798
443 4041
456 4626
209 4204
572 4318
804 4302
911 4030
90 4956
526 4033
986 4316
820 4376
162 4814
657 4356
704 4212
756 4525
615 4937
581 4427
420 4260
950 4390
425 4281
34 4044
889 4980
878 4350
605 4677
999 4721
735 4858
309 4806
950 4640
159 4273
113 4960
615 4098
311 4635
279 4838
550 4291
244 4171
539 4615
89 4878
730 4917
687 4533
645 4405
788 4940
362 4290
610 4961
8 4207
418 4230
323 4164
384 4338
353 4934
793 4183
947 4817
802 4097
752 4685
66 4148
966 4001
267 4403
266 4883
317 4001
154 4123
844 4936
138 4867
611 4563
460 4391
496 4348
779 4068
242 4397
841 4571
560 4392
767 4179
452 4198
822 4249
89 4880
796 4831
401 4463
57 4389
369 4157
178 4410
72 4160
613 4569
926 4938
670 4245
674 4434
586 4187
839 4752
562 4994
200 4924
874 4804
169 4356
994 4946
320 4440
597 4017
859 4286
473 4839
603 4157
918 4755
730 4546
770 4880
834 4564
652 4889
966 4505
79 4306
189 4237
122 4331
67 4855
662 4131
514 4594
423 4294
602 4085
566 4967
396 4009
630 4829
509 4550
398 4902
625 4845
863 4492
582 4147
463 4962
227 4603
381 4925
656 4337
334 4803
119 4375
534 4797
356 4784
275 4980
106 4190
431 4262
174 4956
76 4678
879 4347
933 4404
638 4110
202 4554
514 4037
356 4970
655 4394
282 4585
432 4245
356 4301
499 4248
382 4110
549 4491
47 4422
181 4709
290 4088
893 4464
692 4162
166 4690
912 4187
251 4570
104 4515
257 4554
748 4309
213 4989
359 4335
414 4509
712 4796
469 4719
631 4502
299 4690
337 4453
354 4602
558 4125
438 4654
552 4636
493 4556
335 4432
36 4280
243 4321
844 4176
673 4090
102 5000
521 4454
307 4468
151 4517
607 4409
177 4604
878 4954
601 4782
343 4636
748 4957
528 4593
577 4648
578 4134
14 4170
943 4156
544 4350
34 4623
337 4709
662 4880
231 4147
193 4547
346 4582
313 4800
478 4212
544 4739
394 4111
37 4603
16 4523
547 4682
582 4618
517 4298
340 4724
66 4611
192 4696
830 4652
614 4361
529 4184
44 4634
364 4900
732 4088
249 4162
659 4106
930 4288
186 4474
382 4054
131 4936
807 4290
247 4715
294 4436
85 4992
35 4497
629 4023
560 4872
278 4752
734 4334
29 4441
515 4578
143 4157
746 4137
977 4508
834 4384
653 4373
908 4372
871 4884
431 4434
521 4684
662 4909
725 4588
845 4259
489 4441
984 4966
615 4664
405 4292
485 4920
482 4422
931 4529
506 4906
875 4848
148 4264
174 4686
428 4644
508 4301
791 4937
4 4336
489 4464
389 4877
673 4444
163 4971
295 4006
295 4332
532 4967
408 4730
467 4322
727 4562
783 4774
234 4634
622 4972
254 4882
196 4181
154 4444
371 4705
962 4979
753 4200
929 4941
178 4897
451 4768
519 4612
194 4967
943 4433
943 4690
230 4493
484 4367
52 4793
775 4675
47 4257
753 4143
451 4437
391 4411
104 4218
753 4044
749 4006
266 4581
228 4517
656 4919
397 4279
692 4616
600 4799
243 4886
910 4347
750 4905
975 4333
959 4561
465 4212
598 4278
303 4265
667 4040
320 4539
860 4634
834 4626
513 4090
838 4996
182 4701
398 4851
417 4013
396 4577
436 4771
773 4361
589 4652
766 4821
773 4963
853 4895
750 4586
515 4641
321 4232
745 4131
142 4649
889 4425
52 4049
126 4592
796 4935
487 4293
754 4218
391 4845
43 4725
177 4618
845 4522
418 4978
507 4161
503 4624
704 4654
529 4080
271 4819
182 4803
752 4203
146 4520
61 4730
542 4541
429 4629
783 4304
377 4686
906 4729
710 4525
127 4868
258 4605
459 4664
106 4692
683 4233
980 4185
662 4309
928 4987
50 4913
244 4998
393 4467
392 4901
757 4812
463 4798
402 4611
304 4745
731 4003
211 4119
944 4641
56 4579
630 4973
468 4690
815 4982
733 4898
820 4837
961 4772
721 4149
306 4137
584 4224
828 4918
960 4193
762 4704
982 4609
462 4263
524 4370
120 4290
954 4398
592 4102
979 4334
823 4943
906 4906
251 4603
516 4068
874 4417
696 4947
122 4797
652 4033
725 4129
25 4156
458 4419
314 4533
370 4778
472 4459
257 4086
266 4509
822 4106
915 4753
972 4243
549 4176
233 4566
989 4175
575 4708
630 4860
569 4493
163 4973
233 4334
503 4513
544 4970
391 4819
557 4898
331 4818
857 4812
384 4331
634 4197
665 4754
327 4384
520 4114
75 4586
591 4802
174 4475
164 4869
241 4109
597 4325
720 4771
847 4768
636 4849
374 4975
330 4533
544 4374
334 4633
258 4320
532 4110
504 4294
96 4960
774 4459
156 4500
957 4970
290 4211
875 4155
643 4292
905 4304
64 4147
211 4395
71 4876
787 4867
56 4078
263 4259
495 4264
621 4025
997 4949
732 4527
635 4199
932 4421
6 4925
929 4890
329 4157
860 4284
759 4361
667 4893
953 4265
434 4882
671 4348
929 4659
370 4039
943 4636
489 4265
328 4406
466 4949
108 4686
436 4901
432 4281
530 4431
96 4812
227 4114
109 4151
815 4261
267 4507
869 4156
583 4704
507 4138
775 4776
173 4749
738 4128
474 4101
962 4245
747 4683
831 4785
270 4689
766 4777
626 4158
217 4087
3 4239
465 4614
224 4573
561 4585
531 4241
45 4107
1 4064
914 4197
755 4215
904 4130
924 4334
886 4723
772 4716
877 4385
468 4374
287 4718
363 4248
897 4395
969 4264
47 4592
570 4237
143 4846
277 4003
121 4213
141 4596
37 4156
375 4350
437 4885
765 4271
437 4861
619 4930
320 4300
945 4311
597 4290
152 4484
2 4948
720 4758
391 4993
960 4181
702 4480
200 4755
89 4157
92 4516
565 4696
481 4091
78 4981
366 4657
932 4418
835 4196
828 4058
940 4081
697 4277
812 4643
36 4332
596 4343
546 4701
3 4485
21 4052
186 4511
734 4748
120 4119
129 4537
276 4443
49 4126
321 4416
710 4245
159 4032
716 4906
719 4244
718 4199
383 4824
315 4750
591 4481
720 4776
891 4608
414 4801
690 4580
381 4409
110 4073
377 4649
733 4155
364 4410
215 4137
188 4029
745 4354
310 4946
570 4785
523 4433
276 4184
466 4515
557 4902
391 4015
95 4137
483 4956
980 4386
931 4075
830 4876
533 4664
637 4090
320 4540
466 4740
611 4012
597 4048
458 4424
338 4313
4 4076
425 4617
992 4486
46 4430
81 4860
814 4583
272 4964
179 4251
425 4441
841 4646
96 4201
962 4682
46 4551
719 4960
950 4097
561 4260
5 4210
551 4338
626 4710
224 4308
985 4352
963 4759
806 4739
549 4161
177 4651
827 4914
45 4010
513 4902
37 4338
850 4295
449 4230
464 4162
533 4294
647 4705
11 4351
813 4898
395 4679
132 4066
951 4762
212 4997
84 4295
251 4137
542 4296
438 4861
635 4628
716 4117
874 4533
840 4131
885 4185
544 4021
109 4241
733 4769
510 4875
146 4017
435 4328
175 4591
370 4158
120 4376
739 4627
794 4001
349 4231
238 4387
762 4583
914 4486
748 4057
659 4646
32 4611
639 4696
386 4522
179 4484
65 4365
184 4288
492 4270
27 4057
333 4203
69 4737
853 4505
384 4888
192 4428
948 4827
506 4871
64 4301
594 4631
461 4504
311 4990
527 4930
193 4736
253 4872
993 4752
988 4196
866 4857
327 4462
513 4596
10 4532
252 4980
174 4658
472 4603
183 4833
997 4099
557 4152
733 4965
376 4179
947 4939
367 4638
185 4740
835 4936
661 4891
831 4775
860 4662
91 4056
647 4855
98 4533
653 4317
792 4147
449 4521
96 4648
261 4617
260 4648
304 4404
246 4090
772 4154
55 4013
811 4474
583 4789
115 4952
260 4788
855 4069
958 4673
681 4557
786 4042
236 4799
214 4441
735 4968
69 4880
15 4501
114 4709
619 4234
490 4988
262 4477
853 4823
432 4962
430 4719
670 4038
427 4048
188 4187
719 4374
192 4471
246 4955
385 4755
345 4243
912 4228
699 4182
53 4700
98 4548
269 4174
346 4406
890 4973
471 4129
428 4346
753 4602
199 4623
725 4664
461 4775
106 4356
605 4570
216 4466
836 4754
464 4478
331 4128
192 4741
96 4236
342 4345
498 4351
303 4659
776 4281
384 4021
665 4297
525 4719
729 4352
368 4791
18 4021
164 4869
473 4648
842 4004
99 4110
972 4441
856 4271
552 4352
191 4945
504 4076
906 4226
504 4972
467 4193
799 4244
230 4011
649 4609
409 4732
860 4131
826 4948
537 4376
472 4485
222 4645
204 4286
194 4420
833 4691
1000 4508
858 4271
568 4788
947 4078
738 4998
275 4726
533 4676
953 4415
255 4060
900 4559
221 4723
487 4183
149 4179
573 4691
986 4517
216 4773
840 4373
913 4439
1 4856
75 4506
496 4406
721 4106
107 4760
58 4262
958 4753
785 4553
70 4381
114 4147
547 4994
473 4597
617 4817
829 4462
192 4748
198 4617
963 4997
51 4580
503 4179
735 4695
197 4212
292 4321
233 4969
648 4170
763 4196
248 4640
790 4867
730 4747
815 4706
319 4744
576 4307
385 4631
886 4013
233 4419
152 4926
29 4741
129 4752
152 4119
624 4293
434 4818
717 4923
177 4176
447 4470
712 4822
508 4080
31 4994
168 4313
691 4239
170 4448
143 4697
115 4846
627 4588
968 4149
293 4738
98 4900
861 4841
316 4359
190 4817
133 4761
329 4135
127 4042
467 4531
959 4855
411 4834
950 4053
765 4404
487 4731
98 4283
746 4378
603 4345
512 4862
36 4446
216 4747
966 4948
122 4366
575 4932
610 4441
597 4533
599 4916
385 4976
636 4324
473 4781
950 4966
89 4276
767 4392
595 4819
539 4772
532 4547
809 4300
345 4434
36 4733
985 4398
91 4332
781 4655
854 4305
230 4162
370 4966
109 4853
838 4830
257 4950
839 4350
476 4898
969 4422
775 4455
455 4980
631 4225
388 4901
872 4813
747 4747
305 4408
308 4957
640 4518
497 4658
440 4730
304 4124
104 4320
201 4157
918 4796
18 4123
268 4649
553 4723
289 4058
274 4502
395 4466
490 4231
691 4785
203 4865
394 4877
400 4593
627 4237
156 4847
680 4572
670 4460
986 4587
952 4083
987 4779
936 4672
246 4917
910 4833
490 4971
199 4231
315 4099
666 4684
273 4703
201 4634
293 4590
322 4288
577 4824
494 4347
671 4821
457 4103
61 4124
244 4947
287 4642
936 4710
173 4649
260 4012
551 4444
408 4126
143 4628
986 4158
990 4181
81 4094
697 4366
657 4651
661 4603
271 4342
89 4203
317 4181
963 4553
271 4611
5 4755
559 4973
169 4701
262 4496
643 4220
116 4283
198 4794
299 4273
258 4348
183 4948
341 4357
88 4016
287 4097
962 4445
682 4522
28 4843
321 4411
953 4331
864 4302
180 4993
29 4679
151 4804
558 4925
30 4194
20 4164
63 4252
718 4523
652 4774
880 4895
797 4788
84 4741
903 4299
306 4672
570 4205
261 4695
234 4410
566 4908
691 4791
405 4390
379 4817
53 4300
26 4326
800 4326
829 4784
938 4779
636 4769
970 4418
944 4773
919 4762
505 4227
447 4649
615 4826
61 4677
304 4756
4 4556
873 4692
207 4949
536 4439
219 4539
138 4109
544 4638
800 4388
299 4544
855 4577
432 4840
360 4006
134 4177
637 4522
403 4689
61 4956
313 4577
90 4734
177 4935
329 4001
304 4725
682 4173
623 4528
345 4158
496 4897
155 4222
197 4932
469 4357
266 4386
962 4065
790 4351
235 4622
687 4852
796 4212
204 4786
341 4004
78 4459
454 4457
649 4137
830 4263
143 4572
558 4740
575 4765
905 4841
180 4859
143 4616
200 4169
906 4195
939 4868
345 4992
71 4430
547 4343
726 4405
30 4104
869 4089
785 4397
522 4680
54 4828
5 4466
244 4993
675 4804
84 4998
457 4117
354 4626
47 4899
671 4298
338 4427
125 4426
126 4475
410 4547
612 4408
8 4003
305 4887
828 4469
239 4564
566 4326
944 4605
808 4091
623 4037
363 4307
682 4231
902 4177
949 4041
289 4102
88 4901
641 4881
749 4286
500 4726
626 4103
880 4312
574 4524
918 4559
409 4805
693 4368
612 4471
452 4143
676 4706
216 4341
553 4936
920 4499
812 4162
196 4722
232 4619
69 4425
551 4329
865 4828
616 4976
854 4156
352 4894
769 4660
648 4596
647 4477
789 4178
676 4023
949 4176
473 4415
728 4060
900 4887
789 4630
955 4465
71 4350
256 4314
520 4185
660 4558
285 4678
653 4696
497 4292
938 4398
246 4360
1 4351
177 4528
606 4396
430 4945
927 4480
461 4553
437 4656
571 4964
950 4729
747 4887
361 4949
646 4287
849 4259
473 4840
590 4970
431 4676
960 4579
358 4626
477 4498
438 4187
341 4964
599 4483
461 4550
202 4524
425 4089
307 4147
253 4184
37 4863
213 4725
199 4382
603 4999
886 4870
745 4253
155 4804
215 4448
430 4168
24 4395
99 4915
81 4441
436 4166
49 4003
287 4267
831 4399
754 4800
952 4599
612 4303
176 4735
853 4238
131 4581
544 4032
988 4255
320 4361
814 4726
170 4051
714 4836
746 4810
776 4206
552 4951
633 4938
19 4344
699 4745
422 4083
86 4938
499 4093
784 4826
46 4980
396 4597
644 4254
833 4964
563 4721
887 4445
530 4696
444 4563
277 4769
393 4123
218 4760
135 4850
192 4441
774 4575
457 4296
486 4613
260 4186
79 4669
632 4352
855 4245
110 4695
26 4492
351 4080
783 4457
950 4528
352 4247
430 4328
362 4962
255 4195
950 4822
213 4266
374 4925
562 4888
412 4637
214 4013
776 4530
188 4907
129 4177
694 4234
103 4705
139 4132
22 4584
432 4880
68 4490
261 4096
830 4136
490 4434
936 4874
409 4959
973 4645
245 4310
614 4907
180 4158
94 4142
977 4750
837 4178
653 4189
114 4382
391 4568
63 4433
401 4832
600 4644
701 4016
548 4861
264 4743
144 4278
742 4403
200 4823
622 4488
159 4768
311 4004
304 4877
147 4706
846 4864
939 4792
273 4920
947 4954
946 4987
120 4780
242 4717
975 4913
510 4399
415 4468
325 4782
754 4033
996 4953
736 4923
410 4393
589 4629
936 4998
100 4736
515 4134
716 4256
62 4012
786 4813
329 4027
863 4379
390 4312
907 4233
62 4185
433 4401
15 4496
453 4685
481 4142
492 4765
841 4193
131 4440
189 4387
299 4856
106 4544
363 4685
546 4342
862 4686
378 4834
783 4209
139 4023
58 4064
894 4014
357 4552
662 4437
143 4393
753 4368
679 4888
351 4120
136 4348
510 4382
212 4282
517 4198
919 4778
800 4453
773 4462
404 4113
574 4198
51 4259
272 4806
985 4413
446 4426
368 4419
553 4920
873 4292
212 4490
908 4839
852 4046
914 4332
823 4302
185 4935
68 4303
824 4398
468 4843
636 4029
719 4973
66 4799
546 4177
117 4683
559 4391
282 4064
286 4908
971 4666
267 4663
601 4768
376 4540
101 4491
788 4363
720 4182
308 4279
538 4566
841 4975
944 4986
434 4660
938 4008
363 4479
460 4883
198 4928
338 4823
602 4910
489 4657
993 4171
620 4070
678 4596
765 4362
974 4114
148 4086
782 4906
13 4886
878 4292
733 4449
861 4070
173 4326
101 4279
618 4551
928 4812
148 4511
562 4347
245 4603
481 4432
53 4658
355 4195
596 4548
79 4719
479 4309
727 4121
143 4038
107 4446
774 4560
922 4857
227 4529
245 4711
32 4899
124 4083
522 4759
101 4625
728 4917
954 4236
512 4120
195 4150
975 4420
139 4899
615 4320
319 4829
502 4578
669 4494
245 4414
17 4968
646 4820
190 4565
961 4884
835 4709
360 4347
515 4115
497 4483
522 4951
717 4445
517 4546
495 4510
409 4532
719 4035
894 4886
791 4373
333 4263
453 4026
352 4911
347 4370
210 4006
99 4749
631 4418
655 4989
916 4194
576 4503
410 4846
701 4337
983 4188
135 4411
462 4433
723 4246
744 4756
199 4470
51 4643
664 4512
146 4386
987 4514
205 4591
594 4500
858 4199
10 4307
844 4287
587 4736
579 4371
583 4243
780 4935
399 4154
963 4231
282 4624
198 4447
935 4886
260 4738
646 4394
149 4020
658 4859
291 4606
593 4392
690 4525
543 4156
124 4050
783 4730
569 4128
380 4657
933 4416
991 4623
89 4180
618 4045
94 4270
356 4502
224 4023
926 4879
624 4839
22 4191
596 4616
929 4716
11 4673
807 4665
91 4612
265 4058
686 4895
430 4659
797 4099
975 4212
123 4206
751 4774
733 4553
215 4586
352 4338
881 4959
59 4016
843 4048
791 4240
78 4895
692 4690
624 4637
790 4035
127 4285
169 4394
239 4660
512 4322
814 4273
524 4730
845 4748
739 4631
569 4544
350 4884
116 4761
480 4767
910 4933
492 4068
759 4115
134 4222
426 4948
133 4890
842 4100
823 4178
416 4655
757 4843
872 4108
673 4493
680 4691
518 4014
619 4438
254 4126
501 4346
922 4385
712 4259
141 4391
558 4617
697 4115
256 4452
311 4350
550 4937
905 4346
856 4386
507 4486
852 4432
225 4364
657 4872
682 4901
100 4063
726 4912
561 4509
323 4493
412 4459
878 4229
456 4381
696 4502
560 4958
983 4632
92 4511
752 4256
614 4462
913 4064
574 4598
563 4764
379 4139
728 4859
587 4050
193 4802
156 4163
771 4328
851 4063
91 4545
142 4223
552 4188
613 4922
616 4933
150 4765
566 4408
914 4129
858 4170
129 4454
992 4600
573 4042
654 4140
918 4544
17 4140
657 4113
535 4713
415 4755
251 4512
955 4500
468 4963
692 4990
478 4094
492 4184
453 4825
728 4481
431 4144
273 4620
538 4045
874 4778
567 4097
290 4355
765 4485
548 4474
264 4427
854 4636
603 4348
664 4608
491 4752
861 4996
934 4520
438 4587
269 4436
477 4128
374 4443
855 4634
917 4262
670 4126
675 4428
134 4661
319 4229
622 4163
13 4334
537 4683
292 4183
310 4468
277 4830
876 4197
504 4586
178 4423
617 4975
46 4007
411 4405
221 4737
395 4592
579 4188
225 4846
466 4656
386 4258
440 4640
578 4051
861 4320
688 4581
314 4094
986 4107
640 4800
651 4601
519 4850
634 4157
566 4940
909 4647
715 4518
565 4141
172 4435
35 4704
389 4495
356 4492
810 4641
1 4683
840 4958
802 4215
95 4836
21 4066
162 4010
249 4085
138 4768
431 4211
960 4707
235 4380
954 4261
504 4808
448 4159
714 4274
423 4566
280 4065
429 4758
657 4990
278 4010
965 4664
519 4392
768 4695
801 4925
339 4754
80 4940
212 4225
69 4406
495 4026
873 4832
516 4333
466 4440
979 4440
947 4358
262 4680
431 4083
190 4708
22 4795
176 4353
459 4394
936 4997
733 4992
479 4046
205 4580
410 4526
967 4843
939 4309
909 4582
484 4302
840 4445
177 4469
760 4790
253 4062
686 4843
72 4669
984 4599
223 4748
461 4999
636 4841
89 4778
40 4868
227 4647
238 4170
526 4056
410 4236
445 4835
970 4477
978 4307
948 4605
880 4753
368 4809
215 4941
359 4295
624 4922
524 4779
955 4893
873 4556
197 4757
446 4124
293 4599
230 4306
449 4937
826 4919
533 4555
994 4075
628 4404
217 4718
33 4563
432 4015
8 4849
830 4196
465 4103
862 4950
77 4580
905 4779
460 4995
415 4128
430 4214
168 4253
376 4197
271 4151
306 4197
385 4668
286 4586
995 4297
212 4459
786 4365
92 4328
350 4658
187 4348
506 4374
473 4467
293 4638
314 4331
500 4030
965 4106
356 4137
641 4427
187 4635
558 4337
222 4320
723 4024
168 4188
508 4391
610 4839
430 4886
214 4855
286 4447
424 4020
382 4703
407 4505
954 4897
984 4816
19 4983
708 4996
937 4888
291 4043
918 4945
65 4738
888 4396
608 4975
136 4378
543 4796
889 4880
65 4778
338 4642
248 4104
272 4627
587 4062
638 4112
118 4061
14 4520
234 4514
525 4445
644 4255
146 4424
474 4024
911 4902
548 4711
707 4149
327 4199
934 4589
927 4649
351 4631
526 4225
123 4655
128 4542
583 4025
314 4261
856 4877
314 4915
696 4994
568 4036
324 4061
597 4510
435 4687
90 4589
578 4039
429 4366
54 4917
88 4515
146 4811
763 4785
474 4402
187 4132
646 4416
866 4526
691 4675
872 4305
758 4884
602 4275
275 4293
323 4571
29 4849
49 4413
591 4006
257 4618
570 4604
357 4373
488 4091
741 4990
448 4598
332 4831
787 4402
300 4217
487 4693
324 4252
857 4351
761 4784
937 4235
859 4119
296 4626
642 4544
309 4723
24 4218
161 4581
489 4021
471 4320
592 4976
608 4464
996 4170
597 4704
763 4858
390 4918
765 4190
300 4771
244 4213
82 4247
850 4851
697 4375
956 4704
532 4263
406 4191
273 4838
303 4040
49 4748
726 4581
137 4956
765 4909
514 4490
389 4227
239 4395
899 4589
829 4320
113 4348
423 4433
888 4614
146 4041
860 4718
534 4231
432 4734
207 4494
724 4418
435 4850
724 4157
141 4145
619 4425
225 4099
600 4544
153 4498
896 4163
991 4592
636 4134
748 4333
220 4672
56 4707
259 4940
219 4311
381 4737
475 4144
343 4218
383 4566
366 4862
620 4002
363 4078
405 4416
286 4208
865 4909
24 4382
888 4456
709 4838
221 4531
377 4240
187 4855
786 4539
361 4193
103 4948
159 4014
471 4099
902 4352
821 4055
675 4215
835 4411
788 4031
957 4880
550 4012
783 4857
839 4398
921 4084
183 4220
954 4213
316 4706
99 4067
590 4428
469 4553
904 4222
613 4043
89 4713
791 4788
930 4734
650 4314
224 4040
522 4383
300 4292
571 4622
89 4480
61 4098
917 4222
899 4695
300 4949
56 4118
578 4276
996 4009
208 4006
27 4603
41 4851
863 4541
436 4093
7 4857
348 4558
320 4639
215 4219
979 4153
92 4170
687 4424
881 4771
625 4779
996 4536
697 4555
864 4628
646 4672
762 4878
668 4050
380 4930
173 4735
385 4900
471 4856
378 4228
509 4050
193 4808
192 4710
197 4222
959 4768
349 4388
596 4520
392 4862
913 4595
852 4830
450 4799
54 4288
957 4561
394 4381
872 4159
666 4740
378 4317
620 4752
917 4176
615 4444
842 4869
951 4576
277 4072
98 4961
18 4523
657 4155
600 4381
659 4878
918 4895
246 4657
452 4069
135 4034
242 4497
196 4441
446 4152
937 4256
914 4186
696 4435
941 4618
20 4160
315 4626
175 4357
127 4788
434 4389
80 4081
934 4977
913 4042
577 4294
454 4384
331 4979
676 4828
769 4448
48 4071
905 4126
99 4432
239 4896
388 4623
760 4302
814 4180
53 4252
627 4014
34 4484
274 4702
519 4217
525 4857
319 4991
46 4102
920 4556
507 4427
482 4704
271 4184
267 4355
211 4553
882 4211
757 4189
458 4339
440 4840
546 4843
860 4841
531 4242
895 4347
41 4532
540 4732
469 4092
251 4712
450 4049
58 4787
656 4465
922 4169
597 4134
828 4007
98 4803
558 4558
517 4149
313 4651
379 4250
933 4767
265 4715
455 4720
466 4545
937 4165
187 4402
139 4250
925 4825
889 4616
155 4782
748 4602
157 4467
486 4647
420 4555
280 4724
568 4632
470 4350
414 4243
398 4160
461 4611
380 4273
723 4362
970 4515
563 4083
638 4212
83 4388
780 4501
555 4668
350 4677
312 4339
25 4123
641 4453
730 4878
193 4949
289 4085
743 4497
93 4150
675 4354
551 4927
866 4560
91 4670
100 4848
197 4242
947 4949
512 4463
135 4608
589 4242
576 4824
634 4920
267 4256
57 4463
336 4851
978 4618
779 4929
195 4534
330 4319
399 4183
743 4880
653 4456
727 4831
723 4372
953 4824
323 4480
619 4529
261 4060
346 4948
244 4894
304 4066
405 4823
659 4999
293 4248
419 4401
875 4493
668 4567
46 4710
557 4577
200 4093
648 4347
355 4564
523 4865
155 4203
798 4402
173 4146
375 4277
669 4691
290 4533
782 4917
637 4589
758 4361
955 4578
120 4742
70 4427
86 4795
58 4290
430 4696
8 4567
20 4267
345 4354
705 4923
316 4293
995 4703
2 4395
373 4325
223 4107
216 4403
731 4947
625 4454
170 4830
149 4964
537 4732
763 4706
66 4884
489 4725
57 4362
786 4329
400 4969
766 4355
545 4808
858 4888
386 4924
345 4947
781 4066
163 4920
192 4209
158 4409
395 4273
954 4131
888 4503
353 4064
432 4116
135 4868
867 4602
830 4464
952 4516
109 4958
70 4520
170 4409
241 4150
110 4842
282 4501
272 4186
760 4643
844 4372
708 4625
405 4862
244 4664
552 4748
925 4927
660 4092
446 4232
239 4519
259 4278
410 4220
367 4311
920 4861
782 4313
347 4367
114 4927
888 4531
956 4425
524 4174
462 4645
150 4809
590 4728
726 4624
605 4419
207 4491
136 4630
714 4366
767 4950
827 4553
541 4766
399 4648
360 4039
318 4345
569 4520
590 4144
405 4524
280 4290
309 4230
895 4228
587 4974
518 4729
623 4681
120 4614
473 4130
142 4126
911 4955
373 4437
985 4786
375 4486
755 4037
107 4932
979 4660
447 4137
804 4864
188 4856
441 4312
754 4955
678 4278
902 4284
564 4740
490 4956
980 4953
444 4462
62 4033
449 4026
922 4312
580 4481
974 4469
393 4692
297 4343
863 4011
335 4513
277 4359
462 4782
492 4943
777 4027
502 4587
571 4039
645 4467
855 4539
407 4973
749 4426
368 4289
303 4264
176 4701
213 4282
799 4215
557 4482
991 4999
871 4992
713 4249
200 4295
658 4499
246 4005
239 4284
444 4353
190 4735
885 4898
63 4866
766 4948
163 4842
247 4114
108 4771
515 4251
878 4633
609 4916
389 4872
41 4281
214 4804
67 4316
650 4992
796 4954
824 4120
250 4761
418 4814
211 4482
267 4429
833 4406
295 4070
968 4906
468 4886
275 4843
968 4269
396 4777
275 4782
603 4715
230 4457
696 4343
108 4872
964 4790
344 4211
445 4489
247 4708
137 4007
791 4986
30 4434
600 4087
278 4500
362 4449
176 4398
184 4649
389 4155
260 4861
889 4950
386 4134
187 4666
217 4226
94 4418
103 4864
600 4972
492 4478
235 4408
659 4730
763 4824
876 4202
487 4192
670 4021
699 4795
715 4406
165 4730
619 4988
46 4116
574 4043
364 4308
452 4945
862 4869
687 4753
936 4462
108 4944
839 4799
278 4873
479 4960
931 4913
75 4540
731 4610
436 4065
470 4377
639 4076
645 4863
656 4327
917 4703
67 4939
359 4340
140 4660
419 4561
893 4311
494 4054
193 4933
17 4047
798 4037
141 4475
272 4627
523 4484
868 4923
825 4740
186 4700
202 4522
631 4933
956 4552
905 4585
913 4277
276 4530
918 4657
556 4399
56 4005
116 4374
935 4087
55 4217
67 4591
70 4312
431 4443
289 4546
787 4490
169 4044
783 4715
245 4485
684 4492
75 4528
565 4146
618 4543
182 4845
317 4384
572 4319
595 4994
5 4680
85 4572
249 4828
959 4578
1 4327
570 4511
375 4478
225 4433
910 4774
651 4192
916 4001
241 4837
845 4949
353 4875
129 4059
282 4943
785 4369
256 4078
454 4767
2 4331
715 4921
458 4478
196 4505
565 4861
311 4323
100 4082
377 4254
714 4416
340 4478
751 4397
688 4283
860 4943
632 4976
432 4111
151 4451
883 4006
810 4096
425 4602
103 4244
569 4023
150 4275
718 4503
287 4953
141 4472
436 4153
472 4713
184 4680
731 4930
617 4454
430 4462
674 4322
650 4322
780 4308
103 4515
950 4232
428 4306
3 4165
609 4966
907 4234
818 4558
52 4164
749 4788
554 4792
878 4201
588 4691
800 4900
217 4371
7 4663
899 4716
323 4056
452 4714
456 4219
526 4467
76 4496
431 4945
321 4121
580 4872
315 4104
125 4411
172 4179
706 4439
135 4168
204 4910
241 4238
983 4346
654 4041
14 4565
83 4564
616 4052
160 4788
746 4557
417 4898
261 4269
109 4349
385 4419
838 4113
674 4458
458 4218
217 4498
529 4615
927 4156
472 4567
278 4600
94 4805
784 4191
173 4819
132 4024
923 4520
645 4283
338 4186
286 4407
988 4378
508 4068
67 4515
538 4017
399 4953
403 4812
817 4865
507 4027
393 4693
86 4093
163 4772
566 4616
79 4444
63 4242
945 4255
709 4591
86 4175
304 4829
760 4962
607 4361
499 4772
931 4072
1 4984
661 4766
771 4644
355 4367
146 4808
487 4855
709 4253
920 4410
611 4941
693 4435
715 4063
167 4701
538 4208
558 4212
365 4953
39 4402
608 4875
629 4056
838 4131
502 4555
641 4294
727 4115
525 4355
402 4683
288 4835
742 4418
813 4963
48 4508
209 4644
921 4336
117 4967
104 4432
653 4770
226 4155
624 4985
751 4602
442 4110
815 4253
358 4519
4 4892
128 4274
985 4342
970 4154
675 4778
13 4334
456 4214
762 4878
742 4427
961 4110
964 4405
514 4935
103 4853
771 4577
670 4446
625 4872
70 4039
554 4801
781 4789
595 4972
89 4742
461 4392
81 4182
661 4111
951 4123
788 4311
516 4400
476 4996
868 4586
661 4758
212 4652
630 4903
185 4523
192 4169
882 4897
519 4418
641 4962
802 4599
878 4593
830 4450
741 4584
198 4227
249 4514
902 4080
441 4714
575 4230
985 4848
797 4691
548 4911
240 4409
505 4816
392 4547
228 4469
252 4485
390 4581
101 4502
663 4882
918 4765
691 4445
999 4924
987 4621
787 4472
230 4330
438 4141
599 4941
27 4761
793 4483
748 4544
824 4694
835 4321
554 4067
962 4771
118 4417
718 4266
835 4903
865 4624
756 4555
231 4244
114 4410
681 4052
395 4515
993 4906
514 4155
13 4184
415 4238
239 4820
1 4523
484 4586
280 4829
868 4284
296 4153
482 4635
771 4700
652 4515
734 4720
309 4048
231 4938
473 4036
437 4102
425 4068
64 4102
192 4205
827 4205
396 4634
872 4622
841 4115
922 4243
651 4005
368 4872
762 4229
881 4908
459 4114
787 4683
845 4318
721 4149
417 4691
916 4452
389 4909
752 4153
242 4428
459 4236
149 4798
722 4005
827 4143
732 4358
9 4305
507 4638
387 4594
752 4156
451 4128
222 4136
700 4141
890 4393
799 4571
193 4958
990 4607
851 4743
504 4814
862 4055
588 4816
518 4544
577 4407
260 4661
237 4654
589 4398
676 4586
956 4223
412 4099
450 4429
358 4879
29 4998
192 4171
471 4686
889 4153
745 4329
92 4849
999 4053
689 4408
949 4747
968 4361
378 4385
336 4790
868 4586
575 4068
909 4697
506 4658
764 4432
519 4713
287 4475
489 4786
392 4011
924 4961
757 4604
234 4923
77 4447
966 4832
207 4493
286 4041
133 4953
494 4217
818 4803
651 4012
135 4971
765 4649
276 4452
296 4350
293 4605
716 4232
386 4623
908 4240
308 4096
197 4549
13 4266
584 4389
784 4835
665 4001
345 4988
472 4252
37 4577
72 4057
261 4131
734 4536
95 4399
756 4567
558 4932
375 4464
771 4352
750 4888
739 4416
788 4857
83 4530
704 4541
434 4660
386 4434
526 4064
9 4540
378 4654
267 4701
142 4697
452 4462
255 4525
35 4603
985 4885
601 4280
178 4823
499 4678
456 4885
274 4244
342 4626
778 4823
355 4730
191 4127
540 4638
791 4719
939 4122
331 4539
775 4792
791 4176
934 4385
77 4749
129 4535
981 4596
255 4763
233 4415
868 4632
69 4426
203 4189
124 4141
970 4796
9 4438
685 4548
507 4017
422 4062
285 4911
995 4626
92 4216
240 4232
306 4793
759 4350
19 4949
125 4821
118 4459
214 4842
198 4795
436 4542
826 4145
508 4701
746 4701
346 4295
891 4281
7 4401
748 4192
935 4297
746 4199
176 4613
193 4334
535 4273
588 4883
389 4106
926 4899
554 4461
418 4408
233 4791
401 4529
13 4924
258 4965
738 4518
198 4246
719 4748
76 4486
178 4767
666 4419
68 4699
574 4866
959 4483
636 4317
717 4305
161 4468
307 4576
479 4261
126 4243
465 4388
348 4642
250 4841
871 4536
345 4997
829 4117
8 4875
4 4749
445 4551
84 4726
80 4343
93 4690
470 4076
410 4369
806 4784
542 4485
170 4181
462 4379
64 4034
983 4780
801 4357
122 4984
369 4039
933 4237
73 4594
853 4371
594 4796
696 4704
963 4193
151 4267
396 4042
587 4514
691 4721
632 4962
919 4240
728 4002
196 4397
513 4238
255 4534
457 4381
530 4092
744 4042
401 4922
88 4835
526 4522
529 4148
546 4644
672 4897
621 4127
568 4103
217 4700
321 4120
786 4925
80 4536
360 4881
560 4795
927 4884
239 4611
846 4489
372 4203
784 4744
8 4445
976 4486
282 4836
824 4423
448 4601
476 4780
986 4991
562 4726
905 4550
893 4655
464 4800
578 4019
674 4734
90 4929
732 4632
329 4746
980 4606
990 4358
683 4234
596 4682
839 4506
569 4443
332 4639
253 4559
923 4272
789 4096
707 4349
833 4288
848 4618
482 4500
361 4345
792 4392
998 4631
315 4415
450 4395
41 4951
5 4185
255 4239
206 4257
323 4929
71 4710
498 4733
672 4560
245 4459
257 4793
961 4047
298 4736
7 4059
541 4072
729 4094
471 4486
694 4951
907 4022
648 4848
304 4899
276 4779
908 4960
426 4221
752 4490
870 4509
557 4266
46 4316
359 4828
540 4562
322 4497
662 4501
179 4917
132 4913
896 4952
746 4007
330 4862
280 4797
458 4830
30 4577
650 4595
499 4926
333 4364
912 4338
209 4348
768 4462
140 4026
667 4332
317 4958
900 4814
788 4929
367 4115
605 4538
310 4184
905 4984
654 4176
918 4731
966 4637
96 4969
856 4810
751 4194
731 4526
331 4563
880 4106
173 4051
507 4069
792 4991
749 4628
688 4023
544 4044
130 4334
530 4451
348 4690
765 4082
286 4743
294 4483
737 4124
509 4035
551 4563
324 4703
348 4570
276 4838
115 4428
484 4363
756 4581
196 4527
172 4343
241 4497
581 4896
201 4374
808 4600
458 4238
232 4139
149 4940
225 4500
913 4900
521 4061
958 4490
53 4078
518 4728
223 4339
915 4228
767 4261
493 4699
800 4244
778 4672
957 4538
3 4546
843 4568
205 4242
936 4165
909 4992
612 4698
576 4673
903 4567
914 4025
124 4667
388 4712
580 4654
572 4104
502 4496
504 4808
957 4342
938 4704
186 4209
963 4843
892 4365
161 4708
926 4594
123 4705
120 4301
623 4849
264 4796
41 4526
202 4340
959 4048
957 4579
658 4359
729 4813
392 4671
262 4263
216 4930
302 4926
941 4063
6 4261
631 4653
320 4009
182 4685
229 4358
496 4955
385 4453
413 4532
519 4356
722 4877
887 4301
75 4463
78 4098
492 4125
533 4526
337 4970
244 4379
564 4786
816 4667
783 4384
986 4456
651 4265
346 4379
888 4843
852 4861
678 4889
442 4175
355 4457
954 4482
54 4564
345 4326
92 4164
40 4332
425 4659
615 4803
202 4079
975 4292
440 4160
460 4588
150 4934
394 4988
15 4899
95 4891
954 4621
522 4351
904 4824
731 4807
304 4509
411 4600
687 4493
117 4265
102 4340
717 4536
695 4855
31 4569
625 4580
667 4107
956 4156
480 4921
478 4049
191 4577
544 4992
74 4463
419 4462
380 4367
327 4026
418 4149
732 4791
579 4493
58 4542
60 4826
551 4382
503 4216
463 4115
924 4753
121 4664
216 4432
751 4364
454 4343
774 4534
52 4985
287 4434
79 4103
533 4647
169 4636
903 4390
706 4719
593 4835
740 4252
998 4441
916 4427
193 4511
630 4588
965 4445
647 4047
824 4670
305 4206
15 4403
283 4327
454 4252
711 4603
344 4774
57 4553
998 4259
68 4552
763 4077
638 4534
895 4232
543 4884
201 4251
822 4423
379 4869
101 4181
1 4832
911 4037
410 4543
670 4203
691 4047
665 4022
136 4103
718 4850
692 4871
668 4220
546 4291
77 4330
677 4005
842 4175
365 4956
944 4768
627 4590
73 4768
128 4583
358 4412
833 4304
707 4766
493 4870
235 4587
225 4488
814 4876
820 4047
968 4869
575 4675
36 4719
832 4186
649 4454
623 4296
971 4306
223 4725
629 4606
89 4385
358 4051
446 4961
170 4067
540 4728
275 4445
739 4684
190 4844
888 4902
587 4327
946 4567
576 4894
379 4771
805 4521
664 4216
421 4329
517 4803
651 4852
187 4367
459 4298
547 4669
715 4193
984 4747
337 4233
808 4373
447 4518
763 4308
165 4682
328 4817
165 4535
307 4664
909 4293
211 4350
80 4233
100 4673
46 4920
664 4138
422 4630
587 4371
777 4482
495 4217
656 4366
389 4905
864 4040
869 4978
877 4018
592 4502
886 4378
236 4257
607 4042
616 4822
652 4045
809 4860
685 4822
164 4053
652 4136
916 4537
23 4726
118 4444
738 4129
140 4005
621 4196
615 4290
686 4864
856 4732
48 4910
57 4583
612 4113
335 4614
646 4151
754 4648
724 4980
473 4413
211 4005
600 4448
91 4278
547 4394
307 4307
55 4411
423 4967
911 4264
217 4255
629 4851
39 4803
169 4613
220 4483
215 4837
993 4660
604 4438
348 4629
297 4418
73 4445
235 4850
9 4912
482 4377
289 4534
672 4012
556 4507
125 4882
587 4661
441 4051
636 4536
57 4195
73 4225
950 4108
259 4572
98 4828
614 4295
548 4052
726 4820
582 4525
18 4351
149 4112
737 4956
992 4525
226 4934
477 4864
664 4511
377 4354
358 4963
423 4965
927 4364
242 4670
257 4892
638 4193
923 4925
164 4318
893 4369
156 4213
54 4600
32 4219
236 4501
950 4731
927 4696
927 4075
15 4722
902 4764
496 4315
91 4831
251 4932
320 4904
687 4604
851 4045
39 4707
174 4171
37 4296
627 4997
975 4180
428 4236
282 4859
42 4477
829 4358
540 4694
575 4754
587 4023
763 4583
756 4793
570 4089
461 4121
361 4118
723 4049
606 4381
819 4786
45 4417
519 4012
208 4624
948 4737
590 4591
690 4461
931 4330
99 4319
897 4877
232 4213
284 4092
624 4554
540 4291
290 4655
375 4277
766 4571
894 4133
567 4898
649 4863
451 4926
637 4541
510 4977
260 4937
811 4919
909 4550
381 4492
6 4645
93 4713
104 4848
637 4310
890 4657
213 4463
512 4345
651 4943
245 5000
16 4941
687 4800
825 4665
722 4328
795 4077
64 4969
499 4933
71 4563
44 4789
355 4278
722 4237
622 4513
559 4398
