5000 5000
4127 3701
879 461
1694 1157
1899 3976
1759 4219
2231 3261
315 1925
3933 1177
4853 2827
1900 4223
2904 67
1500 2833
121 68
145 39
4670 4175
74 3927
4727 1682
3586 4949
4420 303
1758 2181
3232 3398
2977 1279
3660 814
1685 106
3319 2585
2074 1213
1180 4465
3196 522
4237 1869
1368 2131
351 4521
742 9
2413 2277
2374 2739
1361 3196
2188 1556
857 2271
182 3824
1711 1259
4896 128
4035 1329
1389 884
2172 669
1761 4577
1093 465
3229 3076
2709 1299
2723 333
3921 164
1394 2422
558 66
3452 38
2946 4632
3430 2569
2642 3084
591 507
4010 2922
4749 645
152 751
869 4407
121 4681
1913 1439
2536 2557
4527 3177
4836 88
1839 4687
2514 4826
2629 3506
587 1568
1577 2442
4864 2562
4843 1842
4098 1292
1866 3392
4086 3768
4310 1828
2370 1171
3412 3510
2553 559
859 4765
3517 2394
1405 2405
1894 1677
2456 1945
949 303
1678 2162
3174 2411
2145 2142
2934 2663
115 3044
2104 222
3765 3295
1127 2193
4150 2673
175 1785
3239 2658
1636 2488
988 3313
3592 193
3021 3283
4511 3125
2294 937
4838 2872
1580 1822
2459 1627
4450 82
4798 2603
2730 4905
760 2298
4823 32
1979 1396
1074 4592
1410 4148
2988 99
3362 2472
68 2319
2298 154
1257 4537
3511 4561
2883 3707
699 1144
253 2705
1918 4309
357 2929
3950 4941
2095 2714
2003 1534
3358 3478
3366 3981
4076 4778
2187 2057
621 1261
340 2111
2367 1983
313 615
4837 2493
685 1470
4412 3442
2378 1262
917 2744
3919 3108
2437 1639
681 792
2505 1333
4112 890
4126 2087
212 1171
663 4190
1824 2546
3160 3326
525 3384
2419 3051
4297 2926
3089 2541
2554 293
1036 437
2206 3150
2218 3752
373 2515
2748 348
3033 2149
2280 3321
4508 4024
764 3130
4403 76
2676 2403
1354 1134
189 2125
1192 4734
643 4577
2980 2986
224 3433
3656 1483
2614 4253
901 3189
1207 4588
56 629
3651 801
4075 1807
1074 1976
1815 3918
1458 3545
2472 1879
2291 3869
2105 647
2937 1846
3890 4604
4810 2100
3127 122
3537 4901
1251 1824
122 1060
1189 4266
2622 102
2610 4392
4634 2033
1107 3886
1019 4870
2176 85
4061 4840
3316 18
108 973
1907 4629
4546 909
4858 3917
3634 2409
4567 3339
4084 3109
2984 3828
4547 2825
736 867
139 1476
2639 2630
1607 3290
1225 1663
4882 1241
3882 2797
3260 1302
1656 4524
1535 2277
2562 3315
4755 3352
4223 173
3343 2023
306 683
1280 2129
469 4536
871 1426
2316 2860
510 1206
2307 2276
2027 1677
1706 1770
2233 3736
848 1665
2467 491
4334 1061
1322 4259
2221 2912
4961 1497
1330 1263
647 1127
1825 2919
4692 4339
1585 658
448 2578
2270 3502
3424 4399
2468 2552
3370 2436
195 3716
2452 2248
2742 3265
2656 3217
256 4659
1659 4332
4241 368
277 2795
677 2216
2891 1150
206 2166
3948 1853
3195 3900
1585 2293
2929 3590
1753 353
2337 3718
3419 1115
4738 3872
3421 1571
2489 4430
740 3503
3838 2863
2701 2292
360 3379
4108 1364
1251 3594
1203 40
3018 1246
3606 655
2624 3934
3964 3696
3539 2229
2952 1373
4515 2426
944 2225
4471 3225
2398 1627
4929 4210
3022 4107
3907 3808
1567 196
1105 53
4445 866
2673 4764
6 2190
2169 4927
2556 4697
296 3490
3219 869
112 768
4059 3034
3682 4028
4711 1495
3402 4938
4543 983
740 2351
1916 4199
3928 1183
178 156
3954 2894
890 4242
4957 1817
4353 1611
3264 3725
4275 3164
113 1872
3636 1183
66 735
2577 2236
3458 1176
2074 4457
2749 4841
3618 3404
4958 4456
2570 3686
1652 3292
2019 3794
3226 1612
2146 3718
28 607
1297 3690
879 3243
980 4879
4960 1994
1546 1458
4840 4650
4157 4320
982 788
3026 1412
4981 3480
2828 1559
1951 2830
966 239
4227 2456
2465 4091
99 3254
4045 2518
385 1290
1667 587
4395 134
2290 336
68 4386
3072 3621
3413 1690
1612 1998
3092 4159
3666 2135
2964 2061
3198 2608
1285 3093
3876 4058
453 540
2935 2129
3847 4180
2777 3562
1332 2233
2299 758
511 542
373 1968
2716 489
968 1883
3932 229
3762 4263
2498 1287
4298 2342
1042 1795
3148 970
1691 2247
3503 178
2562 3984
2357 1781
3425 1284
251 3718
312 3344
811 2224
723 2115
38 1355
451 1562
3301 1119
290 4493
2737 521
2913 202
785 436
1876 145
869 658
1137 72
4961 3083
4724 32
1644 3149
2463 3079
1177 3277
1728 175
653 1413
1147 4790
3434 1366
3002 4880
3804 3400
2394 555
4331 2392
1000 217
272 3272
2492 2411
3875 2493
1741 2131
2092 4326
4428 635
1464 40
3653 260
4230 4930
596 450
4587 2461
1460 2630
1211 1339
526 156
3993 1725
3216 4895
377 1829
2324 3801
3892 1595
2914 3759
100 3230
824 267
3168 1217
1881 4412
2841 2185
1148 1372
918 2884
1184 4377
486 4876
1660 1910
325 2651
139 3594
1128 3081
2407 4873
772 3532
3077 4770
1523 4952
739 761
4289 463
4261 3886
3142 331
1237 990
325 4370
2388 432
581 4184
692 3786
1005 2643
4777 4412
893 115
64 1861
4546 1401
61 1470
107 4754
2643 4804
1562 4067
1728 1386
2445 1695
2071 566
1670 2447
4450 3626
4495 1850
831 4350
1826 2429
4834 4660
392 3964
924 3828
1216 2625
4787 4914
4178 2540
4482 1844
3228 3269
3754 4368
2646 1014
936 1966
3625 3132
3673 2705
3653 2327
828 540
707 4296
2711 1402
3232 299
3397 4903
1052 2885
3942 2069
4953 88
3047 234
728 332
2899 1200
2992 4896
666 4348
296 4537
522 628
1831 3018
515 1050
3146 1021
4967 2614
2606 4433
4738 2580
2527 3885
70 4657
1000 4883
1210 620
308 1312
1956 2234
1156 2356
4637 778
2289 1957
3460 107
157 3193
2501 1250
605 4171
91 488
1826 4085
4979 1652
1153 3352
3716 3077
1543 2983
4084 1483
880 3291
644 4270
4394 4818
71 1079
1718 2785
1807 4766
2647 3996
473 3267
2750 1339
1266 1969
4860 1616
233 815
2873 2270
1279 1945
389 1156
3396 4671
1166 2138
2844 1093
2314 580
1434 1211
2197 4900
2347 213
2900 4516
895 3133
4051 1141
836 4911
260 4562
1619 526
3441 3184
2159 629
3700 274
883 4865
852 3679
2131 2933
179 3111
4805 4965
543 4439
1025 1272
173 713
1312 3640
4948 448
841 4155
3929 1794
1874 4607
1807 4126
2148 1641
1058 1920
2127 1271
1132 1370
3473 4239
71 526
3505 1199
611 4634
1248 1447
1075 3722
2043 4252
4083 4924
2482 3758
2429 2896
972 2483
1196 4687
1199 13
3328 1246
490 4770
1396 3083
4838 908
2492 575
237 4368
2227 900
585 1762
2331 3784
24 1193
2671 3490
4422 1454
4670 4325
507 3643
264 2180
4495 4458
3102 1349
2644 771
3077 1017
2819 282
4763 1186
2177 1760
1717 213
763 1385
3024 4082
1663 4591
1823 1626
1717 2501
4685 2177
2079 3174
243 476
3612 134
1483 2733
3035 281
1342 1164
3703 2227
4860 1624
885 3496
3610 3878
3206 2005
121 1905
2217 1334
228 299
1888 297
1089 2723
1134 3995
28 2240
4823 4722
3001 5
2729 4907
2329 5
706 2517
3110 4633
2394 294
2242 2615
4034 3452
2941 2485
3021 4446
4774 1502
1078 764
924 4108
362 1860
3325 624
3559 1279
70 3486
565 1323
908 44
3972 3378
2195 4292
2119 2939
2381 2007
3528 847
925 157
419 2551
1084 1019
1199 733
812 1884
1834 352
2036 2571
4949 3147
1387 4831
392 1800
1760 4808
574 1785
449 4857
485 583
3602 3127
1663 2455
1401 2201
1836 3802
1824 657
2252 4019
4730 1242
4863 1423
2338 513
1047 4584
2376 873
3209 3674
2229 4386
2280 1162
3025 2994
1226 2443
3147 303
4807 1291
1281 3
2471 253
2320 2712
2235 3656
2310 2550
4840 3785
3607 3980
839 1828
4741 851
1720 417
3931 4353
16 1380
3499 2236
1392 565
3062 4421
4561 4586
365 2888
4141 3490
2709 1041
2775 4123
536 281
469 589
4490 2449
3004 337
841 878
246 29
4985 3542
4408 1529
2263 762
3575 2599
3596 4628
1684 2718
804 4291
3132 3463
4095 524
2957 4116
976 1851
3766 3982
141 4195
383 1478
390 2242
881 3878
4481 112
239 2680
2596 2458
1445 1255
4269 1090
3328 4118
2639 2817
118 2958
1318 2064
1567 1547
1389 3779
1756 2241
3910 4047
4975 4675
3754 3638
4572 3932
3545 2712
1990 1817
2900 4780
3684 2615
568 5000
1877 3129
3262 1717
3010 4821
3490 4286
1012 776
817 3298
3078 4247
1190 2328
1244 1959
350 99
2268 1687
970 1014
3299 677
4461 3129
2820 53
2255 805
1108 2777
185 3877
1337 270
2922 2909
3933 915
1722 1207
1381 3408
3341 2612
583 116
3017 2368
3235 2543
3124 3481
3041 210
384 313
4155 3083
2288 4514
28 3605
1040 2361
1866 3352
1199 1910
2128 1453
1688 4019
3623 4268
458 571
1311 681
1949 3062
48 4197
1806 4066
941 49
2197 3243
1843 3512
2900 2622
3502 2605
3578 2106
213 3179
873 2985
1559 4932
117 118
615 4204
4143 4063
3140 1102
2456 2204
1363 4943
3090 3280
1961 4042
475 1776
43 1516
59 3186
1625 2681
2904 2688
2539 1694
1536 2157
2882 2041
2600 295
402 2886
4730 269
3782 3043
4436 4459
845 3142
4014 4892
2452 3022
1987 2639
1228 1799
1237 4749
1421 2026
2011 1626
547 4211
3212 4242
4216 3221
1008 2214
2650 1123
1292 2399
1806 2385
1207 4131
3237 523
3659 3693
3998 1499
3086 4969
3949 2969
4873 1880
4074 1974
4008 3313
4789 3873
196 1242
2305 2590
3406 3717
4262 4788
2173 1917
1011 4222
673 699
3827 1644
3769 3268
4576 3739
2474 310
4534 930
3144 3475
465 3614
3826 1244
3057 1121
3289 2786
1357 1254
2442 49
990 4816
1685 1311
1589 2867
3092 515
1752 3363
3663 2689
1321 2684
3976 4309
391 4418
3035 613
2865 1714
2584 2396
4224 4761
1491 3461
1972 1763
3116 3333
4666 510
2875 1324
1197 1312
4374 108
3387 3671
3095 2587
4369 2728
2071 3326
4473 3305
1424 4239
3778 3027
3217 2849
1009 4202
3610 3872
2751 887
3851 3095
1595 4008
2529 4796
4418 70
17 110
1188 623
3855 4082
1945 245
825 2826
275 1992
2767 3016
4869 3519
1550 3322
3373 1148
3886 1190
3150 4609
2121 3503
2465 277
4469 1752
2228 2795
3403 4097
3692 109
3168 4856
272 3597
1652 681
1837 477
1954 3865
1961 608
759 1943
2354 3439
831 3605
87 360
1052 3902
738 4349
720 3776
300 665
269 2515
4441 3616
3066 3074
2502 2055
1625 4938
4816 2129
3143 801
574 3156
1908 2018
2306 3444
1692 2029
2412 2558
1125 507
424 4624
2041 1243
4537 2999
4238 3223
3598 2696
1013 3467
2643 4643
168 4982
2107 2613
4231 2793
925 2013
645 3184
893 1897
4686 1703
3668 1530
3475 4176
1074 2334
3466 2786
3931 4404
1288 3715
3560 4501
1512 1249
3240 1297
1825 3677
2686 959
2386 369
2389 4474
1041 3564
3553 2368
69 1123
3792 2356
3288 938
1089 3775
993 292
475 2634
2513 1663
2809 4015
37 3196
2692 1705
723 2454
3842 729
2440 80
1270 4818
1217 2611
1808 1791
4065 2040
2415 2100
1939 1467
4412 843
4896 4978
320 192
1362 1613
904 4590
3562 1573
1328 2539
4415 3457
638 4921
4569 3967
801 3239
4949 4960
2722 3864
1633 2767
1097 970
4851 1075
4995 1034
3645 243
3778 3798
4171 2746
182 1338
2800 4668
4707 847
38 2935
4218 2761
3844 3397
1141 4680
3901 2113
3901 1186
1471 2103
3862 1694
3105 250
638 4140
2752 2120
3626 1083
2396 1656
3521 1043
4431 2328
4781 3965
2078 80
4039 2376
146 227
4914 3301
1553 750
4035 1421
3777 4873
3359 681
669 815
2454 3321
3163 3825
4030 2201
4844 111
2651 18
4942 2657
430 2909
679 419
2332 1958
4323 2336
1136 1942
2040 2192
2355 64
3024 229
4699 3553
3326 306
4330 4570
3397 133
1625 3215
445 1751
2076 173
719 2017
231 680
571 193
2409 298
3727 3629
752 2659
1851 167
1406 445
4116 2274
2155 2383
4750 900
3466 4477
1869 4613
2200 2174
3245 4855
4074 4022
3488 557
4687 1188
2136 4745
3127 1254
3910 1801
2169 2260
2595 274
3739 1491
3996 1672
2461 3996
1499 3877
375 1932
1804 3552
1245 1340
181 111
311 1907
410 1688
3462 867
2575 1828
3884 4281
232 2805
2956 697
3229 3290
1290 4962
2810 113
3747 3894
2486 3460
3880 4189
162 2567
639 2194
5 3384
1923 4238
2381 2608
917 2059
1976 2137
163 1667
1252 3617
2071 3211
3372 1862
467 2682
508 2538
3837 1799
1207 746
581 3570
4871 2761
2494 4896
4892 1874
3892 4789
2336 1541
3339 4094
1083 4937
2985 1301
2035 4
4245 416
4455 1583
2063 4843
4707 2686
2481 3877
4582 2006
3159 761
362 1799
315 1591
3836 3492
1748 2402
3645 2736
1712 514
4688 2436
1152 3365
3613 991
2291 449
3565 4381
4109 4470
63 2547
1361 3282
1882 2617
2605 3748
2572 64
2301 3637
4251 255
4331 3748
4482 929
645 1313
1006 2017
2311 1948
4058 1625
4259 663
2911 127
3486 1881
4968 673
1852 4612
4197 3666
4919 3882
3406 2269
3580 3844
2602 2122
3791 3866
688 183
513 3466
607 2401
4654 2898
4641 211
2356 4320
4285 565
2080 3533
1549 569
1723 1685
1573 2578
2718 347
1270 3614
3441 4234
1545 3158
58 2326
679 51
4780 4860
1409 251
1918 3200
908 4380
1254 4438
2367 385
3397 947
672 602
1205 2532
2571 1953
1392 2391
1076 322
3635 3281
552 4834
4139 367
3303 3340
4911 905
1453 4104
614 4900
1601 1717
4250 480
4189 608
949 1241
2471 1862
2458 3865
4711 1798
1880 2630
3706 178
74 1439
4214 1031
4819 3221
1680 4955
992 2920
3898 2671
1638 648
273 1902
2102 1125
2438 2437
4326 3833
2515 922
1803 4916
2328 3993
3427 976
1542 3685
599 614
13 3037
2497 24
4897 1984
3346 1977
2562 1537
3127 922
908 2334
2501 1503
4387 2245
898 4273
3947 1992
2486 3061
2112 596
3595 2941
1241 2908
4977 1925
2779 1779
2045 2208
1315 3610
1450 2828
2539 3694
1528 4036
1761 4205
60 957
2428 2747
4113 3179
2577 928
222 428
1941 3301
3255 173
4892 935
2672 2940
233 58
2183 4574
262 4505
1178 2209
2886 4541
4369 3365
2058 4733
3557 815
4073 133
729 1230
1251 3450
2112 3361
976 3444
1055 1080
1620 4109
2309 3211
4678 3617
2712 4216
2570 366
3633 537
4475 4119
1955 3420
3061 2155
4231 3317
4186 4163
2516 241
3787 764
2726 1884
1801 4770
1724 2438
1524 2566
2206 970
1308 73
1207 4367
2806 2913
4079 210
530 2107
2901 3779
1467 738
251 3223
1054 2542
2857 1558
503 2873
3023 3006
4352 2894
2765 4392
1202 1931
2614 1433
433 1681
3020 555
4276 4889
2477 2845
467 593
1903 1313
1012 768
3408 1205
2014 382
2913 2660
455 263
3659 181
916 1377
3299 1612
992 4388
170 4032
2487 874
2352 1677
4554 2831
2410 1506
4981 4075
4201 1798
1399 789
3494 2151
2291 1898
1619 1091
4205 2215
4987 3850
1670 2883
4684 2140
2732 376
2284 4647
2484 1956
1714 1155
4417 1530
463 706
425 3919
44 3306
3838 3138
1693 3469
2762 1483
1759 2227
3279 4568
1518 3134
1910 3019
4362 1846
4231 4128
1683 3374
3864 1638
3626 1319
1681 1803
1842 2475
1039 3901
4063 3973
503 1175
1118 175
1126 936
4429 2044
3479 3114
4692 1367
3748 1498
317 2204
2568 3131
4095 3989
4117 4040
4457 4560
2362 490
1989 4223
647 742
3131 839
611 4283
4576 3110
2966 1698
2966 1582
4339 2975
646 3871
488 975
1611 1980
793 898
2177 2789
1921 2923
582 565
3979 454
2735 877
961 4730
199 472
1042 103
1803 3488
3985 2081
89 2481
1364 2525
2443 2413
18 443
2854 1080
3456 1965
4976 4748
6 4455
2761 2928
2789 584
2841 3812
3276 1864
1531 41
4020 2834
1696 4510
8 3340
759 4214
1561 1164
2307 2976
2577 1837
1429 1703
3846 1891
1772 3524
4522 1675
3459 4768
2088 791
762 3622
2313 2249
1167 2312
4433 4397
614 1361
4211 835
3782 4619
1212 2085
2159 226
1294 4502
3569 4417
1755 28
2702 3059
3438 2800
2291 341
604 4780
4650 4578
1840 3932
1996 118
3672 3271
1309 2904
2658 2871
3512 1065
4795 1200
846 1346
1649 1886
3281 2086
711 3986
3669 2675
3145 686
3345 663
3569 3974
1282 2936
1817 1834
4681 4660
170 3961
3998 2754
997 4624
2077 4289
527 3748
4144 1664
4242 380
2885 942
210 4626
1433 1443
1853 2828
4557 1190
487 1894
2665 1936
1252 514
3198 4432
23 4227
3056 2673
531 3141
451 2857
1432 3225
4757 1260
329 1017
245 49
4555 1607
2987 418
656 4130
2176 1370
4061 2011
2735 730
4809 4709
2068 1300
1903 620
2019 4708
4917 1183
2388 939
966 1385
4550 4430
2445 3932
2074 1303
2947 3375
3946 4338
3003 4137
225 4555
4036 2126
1820 3222
2271 3259
1354 4958
4914 716
4656 1818
163 614
2720 2766
4089 1537
618 1918
4855 2206
91 4432
2162 1634
2926 4386
766 2569
1041 3625
1124 527
4945 4764
3007 2947
2736 2400
4663 2581
3358 1181
165 705
1285 401
2264 252
1450 916
335 3558
2097 1996
4944 1345
4400 3730
2097 481
806 2596
2005 2061
4597 2156
4809 197
135 1753
1031 836
749 4188
3939 2600
4541 2046
2924 4584
2460 2832
2853 349
898 2155
2237 1259
838 4754
1340 2410
178 2780
399 2065
1889 1414
4517 3306
3549 3977
2098 1132
3077 1447
2852 924
3951 2660
541 917
3763 3827
961 2347
3689 902
2560 3922
3338 1290
2422 1996
1965 3858
993 4666
395 2771
2394 746
3525 96
216 4603
1823 2782
625 3333
2060 3339
2787 3892
4628 3203
1098 1727
2667 4291
4331 4595
2692 1386
1624 4750
678 572
4444 2249
621 3441
3290 629
1684 3965
1473 1713
2626 4466
1635 1498
4187 3011
1070 3637
4025 17
1522 2001
2810 4516
3540 2873
2155 2306
882 4128
2445 1036
3448 989
4999 1553
4939 705
2428 42
2924 647
287 1985
4839 2892
1732 3436
3837 2375
2849 2542
1679 2930
709 3295
1612 1601
3607 4994
1716 3227
4474 2888
3901 3087
119 4988
2430 1137
3468 615
3667 1149
2068 44
4856 698
4407 1438
2737 2283
1156 2728
66 2842
732 718
4242 1886
3624 147
3534 4783
3446 4906
971 3999
2271 3072
971 1723
829 3570
3764 3450
1627 4795
3117 2741
4701 2209
3154 2096
4235 2281
3602 240
2791 4703
864 3622
4015 4907
863 1171
2655 3696
3561 2972
2439 3815
889 2439
3845 1860
4248 2110
2316 1607
4477 949
1181 1005
280 1575
3229 3816
1025 1037
111 3772
2412 2729
2443 635
48 2176
944 3164
4313 278
2997 2744
2634 2367
4630 1805
2654 1643
4949 62
2841 193
2960 3682
4203 967
2282 4700
4493 785
1996 3740
791 616
1268 4604
3625 2757
462 1117
4601 1678
1555 4066
4004 2992
4144 1485
3560 1423
3968 3962
3305 2753
2460 1161
2586 4849
1394 3751
215 4675
2756 3791
2177 787
851 4372
3714 4211
3371 4355
4538 2260
1576 671
3456 3749
586 3421
1972 242
1277 3553
2781 2246
4883 496
3527 1053
1334 1232
591 3075
553 941
946 1697
1871 3413
4787 777
3446 4118
1275 2600
4525 734
1262 3171
1540 4659
4404 1757
706 3301
3301 232
1509 3273
2160 130
3725 4391
4837 458
1322 2806
3514 3363
3008 2182
4203 1336
2240 3406
2398 4296
3257 2807
3350 2205
4598 2313
1637 2343
249 1885
2552 3446
4696 1674
1822 2496
4888 1924
2289 4240
2080 1530
4496 1824
2639 4814
1676 4408
4616 3587
2529 2743
324 2962
2999 1433
129 4629
426 4937
4826 1664
39 4961
4046 1253
121 753
3606 3975
170 940
4849 3161
2781 1377
2227 2431
4804 3688
3214 3861
4493 1587
206 951
843 4383
2884 2689
1258 731
4587 2520
922 3025
775 2624
3400 2362
2823 2672
826 2791
1040 1043
993 2341
4540 368
3540 1977
1754 1260
386 500
3776 1278
3168 3152
4855 2100
1124 1404
542 3012
481 1061
1105 1469
4509 1974
1875 1591
1183 592
3762 1888
2724 1061
2666 409
187 18
37 648
3272 180
4905 3823
847 548
4114 2373
1290 733
3930 380
812 3829
110 1835
1726 3563
331 3524
1057 3088
3281 1936
3606 441
4926 3554
475 2660
2870 2490
3255 2880
1090 4291
4872 1786
4278 318
682 2981
2384 1616
2434 1802
637 602
908 4361
4686 480
3154 4199
2100 1332
2470 3872
1567 19
1410 4926
1141 2312
3102 810
4521 992
4122 651
2274 1110
3037 2901
3767 2928
453 1788
1079 2482
1111 393
61 913
4761 4180
3803 282
4654 3003
4766 1468
3962 1481
1283 4011
3158 3274
2089 2527
2063 2174
1111 2221
826 4573
2335 4204
91 4074
3675 2251
2358 939
4574 2496
3285 1231
2519 1292
1996 3809
3626 1549
377 2164
271 3780
1967 2296
2071 3409
581 2724
1036 4491
259 2564
1504 4548
2229 2517
673 3053
4483 3534
2739 2118
1791 2658
687 3000
2304 4987
1411 4822
1863 3153
1697 3945
4041 1459
2981 2364
613 1077
1145 3824
742 3002
4923 49
4562 3916
3169 864
2748 43
996 881
2391 4242
4059 4112
2660 1792
3849 3368
3142 1333
858 1364
932 2603
1954 2874
3751 3416
1614 4492
1492 2505
2631 473
2676 4712
2268 1724
3922 2281
479 3571
3389 2570
1164 1162
1111 2737
829 713
2892 466
201 4028
2927 825
822 4329
1706 565
4860 295
4925 1478
1596 341
2273 985
153 2273
4045 4161
3718 1955
4904 4935
2145 1288
4976 4589
4166 1299
4379 3952
4414 2225
3516 13
1649 3107
3544 757
4914 1706
2729 820
1251 86
4178 1222
89 4751
2357 2314
1240 4784
2178 508
1618 2225
2008 3446
372 2084
449 2598
4266 4610
457 614
2356 4799
3447 4632
817 3187
4791 3520
187 4890
1567 783
347 3695
137 2165
2198 4492
1105 863
3047 1237
2535 3121
2352 942
4607 1853
3836 2673
783 3029
1095 1445
720 1933
2687 339
273 293
3388 1387
2736 2973
2511 2007
4634 2394
2671 4958
4934 2752
977 4492
4549 3992
3241 1031
476 2341
4980 197
1957 1985
4640 1533
2555 3117
3958 2131
4837 105
1607 4888
3869 2968
2013 3192
4065 1008
1203 4814
3729 4264
2728 2686
3082 1923
2567 3121
1266 1557
634 4870
717 2699
2769 3302
2960 2744
838 1521
116 4020
3683 3224
3501 583
4294 3051
916 3736
2731 1372
3745 1431
3394 2651
4133 1569
1787 3267
839 4405
2047 3908
301 1946
1649 3674
4366 12
2845 911
1478 287
920 141
2521 811
3105 2983
1411 97
4653 1160
3056 2156
1921 3515
2975 1379
2588 1204
412 430
3242 127
4918 1991
3841 3785
1022 4300
3349 4459
3562 4250
4855 1366
2473 516
3278 2755
3280 2868
1300 2690
2620 2288
2796 2774
848 289
4746 3654
785 1584
4324 4711
280 1658
2671 3985
601 2390
2958 2463
1978 1740
2342 4075
1717 1201
2421 3897
217 3616
621 3154
3518 1779
3819 2988
2728 1026
1573 3248
1182 1690
3172 1141
3603 2490
2326 1075
4821 2939
1126 2514
3836 2382
1544 4660
2037 82
4223 2376
191 2702
1338 3960
4182 2987
3335 4549
95 110
1702 2370
411 285
3746 727
839 360
4451 1071
1594 2010
87 2804
4985 1287
938 1497
4800 176
2916 3151
1602 3205
3026 732
931 2915
231 1218
932 1782
2300 2620
2399 3241
550 918
1139 1627
4856 4741
2882 308
3152 2125
9 2896
4238 3874
3728 747
506 2320
426 2534
2725 3847
2439 1505
1708 4049
1960 4610
3624 2046
1195 3836
4169 3691
3464 1444
4044 998
1299 3712
1946 4333
2764 4369
4851 3599
3195 2394
2851 3810
3071 3585
4404 4055
2496 38
1044 2468
3099 417
3929 2376
967 529
194 2156
2742 986
4447 736
2350 2207
3100 1652
305 1657
346 624
4930 358
1350 1613
216 813
3958 4630
2247 2737
1529 961
4077 4284
2863 2859
1003 1414
297 1723
4869 4686
426 4605
3356 952
2094 1370
1729 2272
2449 2421
244 590
2948 3089
3511 3627
1443 3058
3492 699
298 4618
2822 82
4770 3653
2943 1460
4463 3398
13 768
500 1395
4522 284
4952 839
1564 1447
2586 143
1643 379
2899 2895
1106 1298
1612 509
2615 195
2264 1357
1534 476
387 4671
3546 810
3219 3791
4309 3479
653 2420
1179 1875
3243 779
1378 3206
1877 1924
2909 2189
2005 1821
2658 3051
1680 2365
1119 1602
3418 4164
612 3082
681 1738
229 4249
405 2341
399 2555
1030 2671
3773 2572
1846 2510
3707 364
3368 1813
1251 3123
4378 188
1558 2437
4719 996
1166 1007
296 2158
4729 379
780 428
4456 1200
2637 784
193 2062
3702 3587
2874 4400
1185 1881
359 1226
3733 4147
1229 461
2441 4452
2168 729
4034 2449
3962 3067
2211 1755
61 4799
2741 2767
3883 1264
3148 4759
3804 4317
2669 1362
4168 1254
533 3642
4109 656
412 3637
2523 588
4162 3366
350 759
4856 2524
4140 918
2322 2203
984 3104
2779 4993
214 912
177 4436
80 4363
1627 3099
2928 1671
4169 2074
1470 1773
1699 2514
4933 2296
821 1816
4009 1382
3809 2933
916 4031
1565 1118
3913 4771
4574 4796
808 4025
2509 582
2140 2102
1201 3422
81 4362
1918 4826
2690 3721
3356 2228
610 2320
4243 4220
1481 4711
2749 2372
4161 4822
4188 3412
1234 3611
967 1311
915 1355
7 2333
4609 4622
1174 2867
3909 2144
218 144
2825 1669
3070 2370
4595 3733
4563 1128
2606 3881
2693 1521
565 2581
520 133
1297 1150
4493 1194
4829 4365
847 1122
312 3876
3259 3954
2810 3545
2751 806
1827 4041
458 51
4280 2551
229 390
3727 821
1048 1972
2470 1233
3664 4625
4495 3244
4080 1476
271 856
981 1747
3575 4000
1631 2883
305 1196
2044 3491
4455 820
4295 1601
4409 3893
233 3221
4926 2946
455 2837
2341 4885
2269 3064
2188 1238
1120 2247
80 1035
2442 1305
2998 3457
1858 3374
4498 2369
1170 2174
1438 247
821 2027
382 3591
1880 900
553 2001
2713 1372
4458 2279
1061 2763
2240 4732
1702 3970
1682 3055
2805 260
3151 1735
4204 2291
1917 4514
976 3665
8 3817
437 553
4950 1582
3018 2541
2625 2449
1550 2353
4293 4031
3082 2792
714 2653
2769 1861
387 4171
2959 4677
2336 3812
3630 4019
1442 4716
1158 371
1133 4587
3237 3387
3219 2442
2573 623
3502 315
2622 1469
1365 3702
4148 1128
3483 4417
2034 352
3861 4048
4334 146
363 1222
4255 3852
3768 2474
1957 300
4517 3333
712 2649
3179 922
4483 2690
3208 2111
746 1926
851 3956
3386 812
1851 2698
3600 2556
2654 4757
1676 3397
774 1525
2127 4072
3016 4154
1387 1524
1367 2926
4043 2980
175 1415
3763 1350
1038 3676
3737 78
3048 400
3235 2714
1930 4493
2963 4103
1902 244
273 3988
3617 2
2455 3941
2890 1300
1315 2715
3861 1190
1880 4930
1902 2952
4278 347
2793 803
2499 2027
601 2747
4450 2772
4728 2293
851 1002
167 2394
1491 1545
2678 4028
3446 3637
518 2329
842 2609
3445 278
4262 1572
4482 1974
4362 721
241 1379
937 327
1281 884
3324 289
1596 1840
4921 4549
55 2201
1708 3522
2708 932
4164 3086
4308 833
1226 542
3072 62
925 1355
849 4561
3970 1345
3886 1013
1578 2280
2975 1572
4467 2400
2088 438
1988 4721
368 3065
1147 3513
498 2906
1138 898
1091 43
426 1451
1126 2509
766 3013
4060 4200
3595 4993
1272 4104
2182 568
922 4514
263 1307
3954 3648
3028 2940
1184 1329
3345 4637
1041 1557
2823 2664
52 63
786 334
3030 1772
144 3964
59 4019
1511 666
374 1077
4669 390
3251 3519
4710 2577
2523 3054
4250 4848
3776 4674
1845 3382
3601 3358
1835 423
1032 3943
1891 2792
2945 1866
1811 3070
4910 4555
2069 1805
1210 1148
120 1162
3210 2571
4050 1842
787 1263
3253 3068
3999 956
1271 1300
3410 2500
487 433
148 3833
2172 2258
3768 1760
984 3949
4261 984
2933 1376
4762 1252
2079 980
1399 293
602 2566
3777 4676
4565 1671
63 438
4560 543
4971 1968
3553 3165
4715 4829
605 2226
4897 1982
4270 3360
4415 889
4544 2949
751 422
480 2692
3538 2182
4999 3813
263 180
179 1179
3598 3024
2958 1631
3222 770
3900 539
4396 1132
1711 4562
3932 1315
741 3350
4029 3727
3421 690
3169 2641
4957 2290
466 1677
3415 247
4979 3456
710 4095
3053 491
492 1844
673 3937
2925 1459
1206 4349
1089 3961
3283 104
1397 1881
4111 4130
4396 1065
1975 1222
2605 3286
3144 4091
3109 3828
1934 1207
4774 1603
1996 4791
4495 2366
269 2525
2886 741
2282 4034
2115 182
3556 1412
3631 1128
789 4137
2310 1672
866 4964
1376 640
4884 2143
1342 2116
3872 1162
1843 4638
1883 3051
617 1677
4225 847
734 722
4880 1072
1478 1355
4097 2096
2299 2483
847 4892
3081 2409
2811 4228
2223 3528
1886 962
1996 1040
4504 4841
4390 2818
4290 3736
2817 3858
2959 4775
3117 2416
1376 1529
1945 2903
752 571
4183 4322
652 484
1480 1539
3976 2093
2489 4806
470 2011
3422 1054
4048 1483
3510 2206
376 485
3367 3587
1693 2900
3612 1056
2033 3877
1292 3618
3642 2974
2997 933
3926 4641
4512 2390
2570 969
1983 4315
1539 3003
3356 1519
1990 4657
4996 1387
4190 4883
4548 609
1085 3143
4954 1091
3933 1227
1143 124
3318 2000
1612 4124
43 194
3035 1122
2768 1517
1367 1109
1655 2986
4543 1324
1019 3418
2103 2087
2668 4314
255 269
1061 3911
4575 3415
4810 1332
899 1877
142 3602
364 3847
2964 688
2912 2263
4716 4891
2075 2925
1960 647
3574 2723
327 615
3943 787
2330 2409
4392 2973
286 173
1836 3141
4753 1584
1039 3397
4904 2524
982 2575
2304 3770
1624 2637
596 1571
4163 20
1487 4851
4281 3038
3378 119
396 415
2584 4137
1944 267
3927 1849
3024 4598
1738 2318
4820 2572
2669 3997
2657 4226
1729 4497
1657 2436
793 292
149 3561
4387 1869
4345 2956
4603 1827
2199 3116
189 4641
670 454
3122 3722
1355 1329
3324 2974
1577 2354
5 2046
974 3633
3861 3101
3814 4148
2731 279
3947 3931
4934 2078
2525 460
1636 1659
319 2480
2026 938
2178 741
3277 529
1974 557
2729 3170
3422 4063
4448 2254
1747 917
373 3917
4972 1398
4265 2316
4165 732
4214 3798
2053 1904
2451 1022
2116 1317
95 2987
853 3402
3001 1333
1952 2028
4983 1623
1315 1316
37 158
1650 2108
3057 4225
4789 2872
293 3210
1873 547
4509 4988
3313 1471
2153 652
1879 4417
4284 2085
4389 772
2942 2919
3057 1397
3543 4999
3993 3327
4550 3389
3123 4688
2129 410
4000 91
1677 3025
4001 3640
2681 480
3930 641
1190 4006
1895 254
4065 3007
1029 3555
4716 3630
1218 3536
1449 4602
2967 4913
2265 2300
4460 3655
1853 4032
1117 4640
3554 618
476 4490
2946 2515
4839 4798
2673 1636
4772 4282
1797 4098
90 2519
906 2835
2058 2533
1861 1376
4133 955
1199 1035
1423 2155
2148 1290
2965 4237
1492 3101
387 1795
2410 741
289 1622
3988 1277
3887 639
2194 3878
3670 1264
3906 389
361 1692
3058 3672
2860 1931
336 4761
4467 851
3055 793
2447 3900
3635 3609
4213 3466
527 4981
607 3857
1789 530
1238 444
86 1042
2176 4526
3770 477
607 1301
3442 1714
1131 3923
699 4671
2673 1319
1966 789
243 2012
791 4071
434 3864
1875 1396
3897 383
3165 4179
4060 4033
962 3927
2097 3801
363 3
1437 4792
1531 3671
3170 306
4282 2980
2584 2119
3625 4165
3114 4252
3039 1902
618 2099
1684 4089
3807 144
12 4103
974 958
4357 2204
2695 1722
1749 2430
1722 885
966 4047
2586 56
4043 2929
440 1027
3432 1217
595 4670
1964 1615
4870 428
4234 4037
2834 2149
1889 2670
2534 1683
465 1794
3780 983
263 1711
1191 4212
4971 3057
2994 3284
2215 3781
4409 35
4138 2418
534 145
654 2138
3613 859
2231 2392
3481 1004
934 3273
3987 4192
2364 2184
4008 2649
4211 1125
2034 1390
2425 2790
3554 1864
2534 825
1284 2047
849 4576
1859 2621
2629 2262
807 1849
730 2177
2100 2454
4713 328
2510 2917
4952 807
4809 81
631 4441
3909 2713
4562 2205
4506 3803
4704 2604
856 255
3787 2442
1275 4642
3985 4035
3501 1604
4370 1592
2284 1236
67 4810
4437 3202
1547 4734
3161 5
3604 3682
2328 998
2732 3207
1635 2173
2164 1455
4310 995
1065 409
3797 4352
713 2226
1742 1477
1216 3478
2008 988
2572 2648
3571 679
4517 2910
4888 4215
2642 2433
801 4438
1176 2340
4036 646
4860 738
4757 355
914 276
2754 2727
4150 931
4202 2573
1148 4779
2024 3184
3772 1865
2869 1892
192 4455
820 2333
4296 4766
2002 1511
3182 251
1350 2958
1470 2604
5 872
3384 716
2017 3039
529 269
2018 2443
4702 3150
3093 4359
2250 3206
4453 2602
3410 3128
103 4585
3320 1312
2227 4379
997 3300
1527 1214
4947 4158
4790 1528
1945 2809
1538 4696
3655 849
1021 2854
1997 3120
2590 1112
4792 1743
674 15
2973 2330
729 1794
1504 3727
3538 4417
3687 4184
834 2580
4210 4599
3009 3292
4654 42
1277 4938
539 2071
2899 4792
1043 1625
2899 1717
4684 2499
2508 3861
1727 3404
696 2079
1073 1388
1625 4449
2666 1311
3308 4289
4149 1384
1021 813
223 543
43 3302
4156 4358
109 688
2734 4704
3021 669
4487 2059
3396 4242
3177 1263
3550 4698
1827 2999
1871 1514
2239 2192
1839 2478
1690 2992
1578 3490
4180 2617
2187 2690
4521 1926
3730 2189
2015 4109
1963 4136
2192 3566
937 1552
946 1531
2218 1202
3462 520
3821 4638
4598 1748
4322 41
1962 3392
4897 4402
4941 3672
2605 3840
387 1712
4538 2929
22 3465
1509 582
2833 2884
195 2093
3244 1703
1333 975
481 1933
2250 3756
1519 4538
2501 1011
4365 3112
2585 847
3809 1291
1738 318
3706 2748
237 2451
2474 1036
2827 1303
176 2439
4859 4155
1165 4451
2142 1769
1126 3481
22 1324
2665 299
897 2253
2035 1471
3714 2104
4441 4931
3873 1294
3470 1785
460 51
213 4725
2094 3731
3959 2373
3847 2473
3694 1552
1437 4168
1835 2962
1305 3478
53 639
2341 2926
4076 2741
1516 3364
77 1992
3306 3230
2406 1600
4534 1473
1429 2613
3261 2058
3188 2158
2474 3767
4399 2726
1554 1053
1089 3664
2820 2802
820 2341
2977 3325
1631 1060
1688 2341
149 3977
414 960
1444 1528
948 3910
2203 2419
4665 4380
608 4523
3513 669
1968 4028
910 4206
1104 2669
2054 3864
4988 4062
1725 1044
4046 2745
781 2658
3137 334
3884 4915
782 4162
2885 4304
3735 4272
4112 3322
4930 3220
1134 563
2977 2763
2928 2172
2295 310
656 2681
2165 4097
4122 4810
2167 1215
3348 4923
408 1848
180 591
4893 2582
4921 512
4576 2404
1028 410
1372 256
1968 49
3585 4266
4880 4631
4888 1253
1664 2251
4849 3687
2944 111
578 372
3100 1728
1220 15
4078 3548
1449 4195
1864 4606
1168 1222
2613 1165
2188 4199
1808 2175
3377 122
2351 1328
1769 2346
3353 1487
654 3175
2045 1339
3137 2376
2909 3809
4411 2666
1435 2714
1857 4665
4915 3411
1765 3079
1609 548
4531 1875
3372 3669
3753 3251
3164 373
3403 301
384 1822
4550 314
3595 2950
1899 1484
3111 4423
4478 1114
3650 2617
4567 145
4969 2429
816 3894
1842 3045
3129 593
1846 3779
1233 3980
1759 2176
2918 1781
2119 598
4391 3031
305 4464
959 4136
435 3272
500 238
4900 81
1225 3883
4850 1382
1817 2531
2680 3210
910 1996
3270 434
225 582
3121 2744
3250 10
4845 2145
2617 1127
3200 1537
2614 3331
4072 1509
1679 95
3208 298
2216 1310
4311 4204
1688 2496
4033 4498
73 978
4451 240
256 2664
2777 916
534 4237
4546 2773
2326 1274
3846 4353
2896 3630
4606 2271
101 917
4374 756
4964 2723
31 3513
1933 2467
1895 2124
1019 2923
821 94
439 2778
1799 3902
2411 1966
3598 4708
3964 3623
4893 4232
4877 2312
86 2372
2439 4807
4742 79
93 602
3386 4444
1407 2460
2802 210
1189 312
4740 37
542 2582
2340 3437
3025 1724
4074 2157
2565 1895
1765 4791
2596 3218
487 2846
3789 1277
4505 1956
4730 2290
2145 3045
2391 436
3832 2939
3989 577
1033 4323
2685 1674
2095 161
2488 3600
510 3544
4351 2753
3196 244
3831 2907
2177 1707
1063 1712
1630 137
4741 2315
1538 4579
3981 3995
379 1791
3795 2709
3683 1962
4108 4294
4304 1474
2416 401
3296 1509
1827 4734
1236 408
2324 2804
1757 1189
1293 2672
2397 1743
260 70
3728 1296
3161 3144
1146 4382
2025 3957
834 641
4402 1555
519 3680
3697 4264
3594 2372
3688 3781
3477 2932
1628 3749
4986 4435
4398 3124
863 3959
2392 2131
32 4659
2034 4763
2614 3392
3293 360
3094 2263
3281 1977
605 379
2650 44
3419 2205
448 3247
821 527
3495 4213
4016 2108
419 1141
2699 2335
3208 2169
3700 2044
58 910
109 2101
1489 3983
3000 2950
1111 4255
2737 771
2636 1390
2252 760
505 3892
254 1504
644 2084
3464 786
3980 507
817 4721
1822 4345
443 3347
1807 3278
1738 3853
2003 2377
2248 3037
2309 1189
2868 4656
2983 3510
1499 2005
2380 579
1000 4777
605 115
409 4028
361 1341
1978 4564
3312 3842
2366 4377
1978 438
1146 2592
659 2423
1692 1540
2482 3525
260 1362
4523 4331
4499 1892
4713 3348
1665 4321
1336 1546
2787 2378
2194 1707
717 912
4264 1869
1267 2924
3155 3900
831 95
3091 1489
190 4459
4056 1109
259 1889
1823 574
1513 2821
728 2417
331 4711
70 105
3766 4524
4462 1542
2650 2876
2228 3426
3644 997
2506 4280
3296 3736
3130 2966
2453 4778
4573 3965
3753 3998
3725 518
4735 872
2073 4335
1693 589
7 1614
675 4442
2807 3190
3937 2938
1260 1768
2385 4820
2854 139
4893 956
1111 1271
658 4161
2235 4526
2173 1583
4499 2396
3284 4646
2211 1369
992 2730
1386 1852
537 2020
1915 3634
4051 873
1922 3407
2840 4298
3840 4141
1983 2028
1643 4611
3907 3488
2056 2095
2495 3606
458 1535
976 885
263 2653
4011 3670
2649 921
4537 1362
435 2267
239 4825
3508 4185
1755 4085
761 1893
4773 3358
1998 4451
1002 87
1940 1153
2775 4625
3882 984
3020 3855
2165 1427
2078 2617
970 4414
785 1325
1062 888
830 234
4052 2659
1106 4751
1262 340
1247 3116
4791 3278
4367 3271
449 284
1614 1498
3555 2583
2087 1498
2277 2180
2601 539
566 1714
2092 3907
1614 3170
231 1445
320 1184
4259 1614
3114 4905
2702 3373
304 4605
4425 1566
189 1015
3154 2216
4764 1963
545 976
2311 2432
3533 4541
1085 3229
423 861
561 2961
2322 2328
1121 901
4280 1444
1972 4581
977 728
855 736
2992 4950
2194 1747
390 2066
3766 244
1619 1432
3562 3718
3369 1789
1983 393
212 3156
3728 980
3135 2356
158 677
625 2456
307 1303
1760 687
1966 2230
1044 4845
2078 3287
3551 2474
3322 2340
4300 153
2983 3374
3918 2284
3148 123
50 438
1523 3123
943 3833
1481 4238
748 2617
4016 4416
747 513
658 2903
4790 1893
578 3852
4487 4391
2693 4720
1204 4717
4879 1682
298 1627
3739 3670
2689 4877
2778 2159
97 4664
2336 4728
2963 809
3579 2368
4715 1374
998 900
1829 1484
1317 1298
53 4905
4346 1043
4643 1379
903 1327
3175 3248
1653 2768
578 4015
3141 1032
493 583
940 156
813 127
2364 1550
3215 3966
2481 4317
1689 2156
273 3120
418 632
16 4827
3858 2843
602 1872
4293 3413
3522 177
859 686
3915 1789
3108 160
4781 1250
2003 3419
555 2459
4648 121
1106 577
1362 2196
3540 1454
1829 2092
710 2312
16 3797
1407 283
402 3984
250 218
4839 3633
989 2191
3925 4793
83 2529
3932 2213
4527 1302
2421 3967
2146 361
1465 1875
2335 1381
3846 2101
637 3531
1214 377
2565 936
2104 4123
941 2699
747 816
907 1334
2776 3716
1806 4538
2624 4485
2473 2856
1022 3000
1841 373
614 1843
226 2085
3269 1307
509 4540
243 167
1213 2848
2775 1892
1202 683
1513 2715
2029 1257
2270 4528
4181 1076
2103 195
473 2608
1019 4780
2935 572
1047 803
901 157
3515 3726
2006 2418
4055 2735
2375 4675
1869 4349
3682 1563
4224 2418
3371 872
1094 4892
4641 2504
554 1288
4727 2919
221 4700
4140 246
1934 1139
3704 4598
1311 2903
3848 2501
1530 1866
3427 2480
1620 2989
3693 3218
665 1069
4068 1500
3480 4770
2122 4670
2552 2850
1019 3556
3051 3750
3439 868
2674 1147
2562 4047
625 1284
722 3919
4013 2790
1328 2504
339 1068
3587 4553
4547 724
2842 1869
4204 793
2064 2213
137 2490
788 1160
1709 3523
4786 1542
1292 1643
988 4553
4274 3614
1053 1822
1471 2188
4232 4554
1883 210
4452 496
3742 2655
4067 2578
3587 3585
3643 3030
2278 1497
2828 315
3940 676
3635 787
1042 4891
3686 1804
1153 2470
2001 4618
4104 957
4337 4687
651 4871
1111 2534
818 2350
1704 4404
3565 442
2538 1576
4870 3141
1049 2476
1335 1927
1947 4220
1038 1836
2176 3895
2398 3795
2766 2276
3505 1975
4500 2527
4891 2339
4894 2107
3040 1745
2600 4994
544 3188
398 27
738 2144
1716 3740
2726 2902
417 2945
1160 940
866 795
762 828
212 2483
961 4572
4929 3409
2323 2734
3095 4985
4063 2529
957 4941
318 4247
375 2121
1864 4672
3980 2610
3562 984
711 4624
2143 1580
3747 2647
1772 2947
3778 4488
2456 4522
3184 1773
2820 1776
2283 2957
7 2300
3861 1173
918 1644
2125 384
466 1111
2115 2231
4834 4692
3763 2412
2187 4581
468 2003
1500 4055
570 3563
3135 1819
248 1700
3493 249
2761 3306
1153 643
2985 3561
1456 1233
1272 64
4615 1596
2743 3690
2542 2612
1478 3251
4188 1053
797 521
2099 1423
2498 1003
2301 1206
3386 2982
2534 4538
3035 4869
2476 4127
3425 1617
1589 3935
2712 202
384 2174
2610 4412
1535 1159
32 2342
2435 2486
4086 31
3496 157
4675 3593
4490 2803
1054 1746
912 4393
1415 4745
344 2463
2093 4494
2588 1271
4540 1397
236 3111
810 4229
2204 2885
3801 908
910 2350
2575 2541
1699 960
3716 2444
2863 2017
4060 1529
674 1328
1647 3284
3590 2882
3253 984
2429 359
1893 4739
795 3886
2095 3684
485 2102
1969 1734
528 1639
3623 1396
1028 4600
2743 1389
3042 2938
2796 3811
4948 757
4513 166
741 4066
2360 54
705 1152
875 2337
1686 3731
803 4122
1162 1490
1383 323
4126 1720
1944 652
812 4677
842 820
2582 3869
3309 3639
1871 394
1765 24
1717 3910
1687 2545
319 899
4094 97
3387 22
4156 366
1260 2097
932 1508
2010 3713
2368 3468
1994 3159
1374 4384
3192 2330
1233 2309
2890 1317
1661 1818
3367 1221
3090 1705
4183 751
2357 2179
3844 4887
1732 4113
4418 2267
3240 608
339 721
2616 412
527 4310
3667 4521
4050 4522
86 1918
533 1904
1191 2763
2 2865
2385 956
1826 1387
1282 999
2929 4670
3225 1698
1517 3176
4667 3968
1042 3994
4992 4462
674 763
3553 1928
2955 1395
741 274
105 1666
3317 3332
94 3313
1668 2293
2783 1857
1915 3299
2441 1628
3452 4098
51 2137
3077 1724
1902 67
2455 1000
2779 212
600 3325
707 350
4726 4824
2989 2411
3037 556
4043 4557
1458 1722
4902 1272
2345 1314
3876 535
116 4697
2526 3220
2301 4499
399 3620
4782 4514
4962 3722
879 1455
1731 235
384 2657
3345 1546
3552 1956
4178 2805
4093 3284
3860 3298
2354 2616
2739 2054
294 4402
2677 2245
4245 1853
174 205
1424 4654
1431 623
146 4115
1717 2732
4182 4313
2333 3844
4754 2945
331 4498
579 1385
4787 764
996 2776
1495 1601
4713 3724
1043 2636
2009 2879
4181 4608
4140 1966
3568 2316
4768 4268
75 1954
3514 3783
2822 3555
4724 4082
517 1989
3626 3
1656 4551
1545 133
1681 643
993 4288
2976 4901
4722 1792
4171 4972
1166 2452
4570 655
3574 4960
1395 1330
3208 3628
2729 4449
4966 2302
2346 2556
4042 1174
2497 3219
977 1329
945 2196
4886 4800
2787 1531
881 673
3706 2113
1103 1270
3221 4712
4235 3597
2805 2581
2365 353
2967 3143
2754 142
1940 4872
1237 3706
4615 1890
4893 610
2055 611
2150 2331
3526 1036
4836 4746
3161 3094
862 878
2040 2350
815 2877
480 3763
4475 3292
1488 45
592 4355
4465 552
1858 1471
746 1170
1356 3050
130 3185
2931 3480
2511 2952
1173 1756
799 780
131 4331
53 2458
379 1406
3486 3107
3033 1846
4444 1586
142 371
746 2550
1937 4478
666 459
3126 4096
3716 4086
4612 985
263 608
1404 893
2237 1514
2446 285
18 2179
3078 4778
1541 3486
4847 4319
26 223
2230 608
4495 3991
4211 2261
118 2950
1588 3947
2635 2657
658 4877
1574 588
3431 2799
979 209
4120 2459
1200 2986
4832 32
3414 179
2270 3008
4092 3900
144 2232
3472 949
3567 2725
4119 91
589 1485
2904 2346
76 3556
4972 2731
392 96
2880 257
4776 2407
3294 4070
186 3424
4065 3107
3733 1879
2840 2120
3562 2789
1629 296
4901 3839
3654 3817
1441 341
123 1778
722 3254
2721 1206
1815 4090
1686 4153
2351 48
1342 3416
1147 2658
2502 1829
3212 4430
2367 3179
1862 110
4733 151
3654 4705
1209 3160
3544 595
11 4753
4925 267
3588 2364
1922 300
723 1801
2556 366
278 31
1115 190
3388 1082
228 4755
1345 3094
1884 2938
4209 2739
1345 1189
240 4874
4835 1007
1178 1406
2163 3723
78 190
4099 3998
1208 4978
4951 3410
2080 1180
3186 1620
3741 2474
2612 2552
1109 4441
1322 2003
1065 2156
2806 3058
709 4500
4105 2321
4046 2050
1390 3886
663 851
4193 1368
4477 3404
1872 3130
2993 687
153 68
3463 2788
4276 347
37 819
874 4480
1429 440
2878 2375
1846 3609
4843 4497
4696 4940
406 548
855 4844
4445 577
4218 3670
1736 239
1932 2863
3967 102
4811 2913
1373 1270
3007 1317
395 4529
2085 1506
248 1806
3852 2023
231 1711
2096 4669
2554 4638
2134 921
4558 4011
2007 4777
198 1585
4848 813
1277 2738
160 1680
4438 2976
3100 4350
1134 4990
1632 4440
4148 4614
2895 3358
2615 4588
2029 3237
4490 4378
4715 3321
628 2733
1771 2596
67 1313
4196 896
657 441
4240 4793
1247 4257
4900 1055
2338 687
1560 203
2123 1359
4415 2255
1803 198
937 2819
646 826
2551 3381
3983 2560
4791 944
853 4701
3402 1033
2077 425
4665 3134
656 4505
2263 1359
1343 2892
1243 4394
4491 3737
356 4378
1226 2599
4842 2463
2071 1172
1099 156
1808 218
3003 509
4222 4327
2392 4631
737 3587
4173 3917
2602 408
12 1752
1253 4861
4642 2790
2655 2972
861 3646
4548 61
2657 1395
2052 4906
2316 3727
2054 4956
695 1618
4078 597
2062 3891
995 40
2850 2838
2028 1486
1708 1439
3797 763
836 806
1324 4192
884 2772
1825 4537
1182 708
4957 4346
1901 733
3530 4702
1739 2007
2635 57
2582 4269
4141 1343
904 4698
2727 3395
2416 1190
3166 4516
4563 3499
220 2053
271 2723
578 4964
1801 1677
699 2414
1517 3303
2506 3833
3430 4590
423 3777
87 12
623 1575
897 3937
3498 4087
933 2261
4944 1489
141 3332
3446 1811
4215 3260
4717 4493
1018 4675
3037 2629
4331 2357
2184 3707
4881 3612
4049 3431
2752 3624
3351 194
3811 170
4221 2115
2566 235
4948 4035
2011 178
4578 2090
571 166
621 4955
456 3025
739 806
552 4838
2692 2134
860 1268
130 1826
1418 1402
4399 1407
4680 4886
856 1093
1354 649
4849 3184
1965 3013
1041 3811
4237 2482
3823 2936
4628 1917
885 1667
3052 3178
3316 1136
3487 2156
1361 3530
4501 666
2766 4173
4190 1980
4372 3006
2304 3366
2087 1418
2451 3756
3570 3492
1075 272
4557 1467
2630 1183
3868 3923
1743 4138
810 4187
2234 4980
1518 4247
849 4224
2149 2830
3150 525
4584 4903
2465 4275
4959 3735
501 3968
3446 1023
1222 2391
2214 4492
4214 1369
623 190
2504 4966
1086 4509
2228 1389
1618 4745
813 1442
3171 2001
1951 3696
1316 4430
2085 4752
4224 1049
1034 4848
4723 3050
246 3719
3115 4011
3715 1584
935 916
489 1702
1982 3472
2647 4903
2059 1392
1250 2715
2848 2222
1643 4846
473 2069
684 2196
2570 3487
4091 2237
2539 127
3523 4626
3275 2400
591 1118
4595 1613
4584 3640
3268 2731
1625 1449
2716 1156
521 1689
3428 1013
2856 1967
4038 3362
3750 3336
4614 393
4296 2150
3109 636
4629 2037
638 4019
4416 4435
4707 625
4646 1103
1639 2086
3579 3827
2842 533
2952 3036
1320 4574
1879 2690
4003 2223
3274 2619
1898 3095
1929 2476
426 2491
1411 1139
76 2980
423 103
4919 1897
4267 969
1256 1089
4117 551
1167 2155
1607 222
2091 1626
4584 4823
673 2627
4985 3286
129 1601
1854 743
1257 2507
2686 3138
3390 1539
2892 4633
496 2739
4079 2838
2670 2972
2894 3698
3570 1487
1592 2196
1006 1799
1963 3047
966 1918
3883 4600
2472 135
4590 2422
1754 2564
1006 802
1539 4473
4527 3641
1173 4456
681 103
3361 719
2991 1063
2635 4055
673 2241
3023 3942
128 4450
3509 1967
400 1850
1257 2137
2475 4858
2542 1837
963 1852
716 236
383 688
534 561
1642 2716
505 3226
2073 76
331 3756
1964 3586
4496 1119
3078 760
4075 3552
4776 3579
3507 263
1267 2266
3092 3408
2581 1104
2967 1501
101 3438
3244 788
3802 3348
975 1909
2922 4505
3633 4551
703 1562
2009 1147
2166 1111
2914 1976
2683 2124
2639 4153
1311 1807
3420 4884
2923 1093
3342 157
1746 2498
1206 3779
2737 1232
266 1328
1210 1599
597 3230
2475 4215
3001 2216
3864 2050
1889 3679
4600 845
2299 1591
302 2512
4622 2242
2254 3148
3281 4538
196 4813
2940 1004
4991 3856
1875 795
4963 478
4824 4419
527 1153
679 2808
4228 1991
641 4630
1440 4125
2529 114
1594 3054
2803 4288
2878 2388
1150 2198
987 3038
1975 1233
4148 1962
2920 1607
4556 2133
457 1109
149 241
1342 82
2738 4526
2120 4699
3387 4605
297 4240
889 48
146 4895
2531 4422
2783 2672
2009 1702
150 4369
4759 625
2987 434
3252 4965
2720 1355
363 2599
2051 2645
3457 121
4824 519
4361 1484
33 2170
1244 1447
2147 4071
3757 1417
2635 1943
3500 4972
921 2611
2345 403
820 2006
2204 2549
4614 3279
3930 906
728 1091
571 4413
3329 394
2017 1683
331 1321
3603 915
4847 3584
2299 1030
2627 1909
821 4425
2217 993
1698 2345
2089 1961
4380 334
217 1136
2346 1099
525 2459
3382 4917
4986 1621
3285 3681
1175 556
1262 3451
2597 4107
407 2477
1606 4753
4988 1277
3045 3450
1346 2362
2164 2389
635 1176
4156 1478
843 2369
984 773
4082 1550
3227 3166
523 1983
3315 722
2637 2000
294 1374
4063 461
3116 1339
1601 1919
3493 2910
1320 783
573 2896
4715 338
4364 1457
1156 2701
1347 969
1681 4411
4260 3527
3668 4349
2825 1885
4031 1377
3376 3955
756 1247
4862 3979
3612 4615
4193 3973
4854 567
1538 1236
2714 4956
1555 1057
1527 3870
549 2735
842 2698
374 4566
2552 2330
4312 2788
1333 1575
1133 480
3942 3818
3706 1433
2396 2271
1322 231
2218 1859
3981 2144
849 2343
288 3094
3930 3141
1687 4975
1348 3019
1632 3213
2350 3503
3241 4158
551 4457
629 719
1348 4255
1211 2749
610 732
1599 4716
4653 1362
3213 2340
4920 1683
132 3752
1310 4338
2551 273
2568 2159
4714 1995
368 931
2539 3173
1117 4296
4470 4503
4440 3589
1398 1815
4870 2185
2825 2221
2135 4573
1475 4992
1919 2335
2269 3744
3115 4004
4559 3197
2294 3774
772 1271
2020 2006
1526 3992
1511 4
3578 3960
3416 2181
4685 1111
3608 1756
1110 904
3911 2476
1238 1948
118 532
125 2684
3064 244
4895 4763
134 1695
2575 4235
387 4074
2523 4455
332 3436
2184 2353
2213 3646
647 2958
2608 1445
2576 3990
199 2614
830 2576
1212 4913
3204 4717
3079 4953
1598 204
815 3859
666 4678
2285 4341
3704 4386
2374 17
601 780
3503 2089
1860 2730
1077 3429
4959 3072
2717 252
4347 2156
2018 4295
2088 4588
1582 516
172 3966
1955 3377
3902 1456
4337 4967
3480 57
939 882
1380 400
4229 942
3989 1716
41 4524
3233 4804
4154 4981
3974 184
3936 1598
139 407
1270 340
3049 1946
4056 3538
1682 4025
3601 1905
1648 1957
3292 4040
921 2973
73 1892
1233 421
1178 3417
3992 1444
1470 4650
2126 3140
1254 2685
1261 2584
807 4394
2358 4257
1671 3966
2254 2441
1403 4899
2706 4788
744 4906
1704 3091
4913 2116
3112 1331
2985 3973
3836 2542
2593 362
916 1721
612 4756
3204 4893
4824 3134
3850 2993
544 2228
3874 4056
40 1948
845 2471
3033 1305
3450 3178
1902 3117
4915 2848
2382 2463
443 3788
4722 2014
1078 2533
1537 725
962 3408
4995 3039
3509 1164
467 3300
3111 4590
1080 2077
4417 4839
1709 2932
4726 3491
1232 1888
553 3123
3104 4264
2039 3701
3259 2757
814 4705
910 2605
3911 2568
1190 4381
1480 1529
2423 3495
4844 2596
4827 333
935 2010
3981 1892
4645 2652
2991 1444
3634 4523
2312 2695
159 3096
642 2304
3020 3278
731 2591
1433 2412
2554 690
4834 1063
4213 4837
2266 1688
4785 2789
3142 18
1641 2697
2861 1582
2074 1362
2463 3098
3983 181
1884 1159
280 855
4214 3042
888 281
690 2510
1967 4283
339 2656
989 1221
4111 3851
4265 4308
174 4109
4905 2266
2880 4570
2114 3938
2271 4647
4979 4858
373 4905
4317 4633
3918 2471
3085 4379
3225 1333
1045 3507
3923 3947
4095 3952
2429 3902
4780 243
3096 3749
269 1624
446 430
2712 3027
4682 3114
2284 3965
1562 4182
1400 3655
276 4252
4681 3766
55 4649
139 4960
1211 1792
1155 1206
2044 1719
4346 2506
435 2617
3188 2506
149 2420
4969 742
1552 2731
3004 1615
4700 3902
1147 3960
1126 3056
926 4730
3811 1058
3875 3498
1986 4495
3216 4101
2162 16
4715 3496
4343 840
399 2985
4895 2250
1496 2986
3362 1410
1593 2631
4577 2881
212 4845
1774 2237
1114 430
4901 4760
2307 3306
2961 4040
912 632
929 4871
4143 2173
2204 532
2598 4076
2596 3842
3636 3920
823 2975
2629 3710
4835 3927
3452 1630
3379 4898
3502 4202
2045 556
300 4056
1079 4931
3297 661
1409 2430
1853 2987
2795 2484
3993 3668
10 2875
1468 1495
3808 4306
806 3419
4122 1521
2227 3426
102 55
4858 4024
4508 540
3686 1443
4140 2584
708 1997
1136 4436
4110 1943
124 4472
520 2057
1675 628
3809 4152
1347 2659
1477 503
2165 1901
1632 2601
2494 940
909 4741
2633 177
2032 4955
176 2168
4673 2087
4264 2697
2610 2772
4053 720
1626 1946
974 1751
979 1890
2171 43
1273 3881
1468 212
1037 316
3571 3305
4200 4148
1772 2763
876 4570
3612 4761
3535 252
2184 2389
3321 1296
4680 2436
2953 2912
1300 419
4802 2966
2469 448
788 1042
1151 3895
3008 3219
4973 1046
2396 4139
3894 4427
560 1822
1335 1196
1296 987
137 3216
3715 3291
4028 4508
2491 2474
4356 4712
302 1660
4291 1011
4660 2954
4807 988
2154 2285
3573 2811
1047 1786
974 1895
1861 3735
2161 3754
2074 661
4442 3786
4999 3862
513 3808
2817 4489
158 2238
4542 3275
4916 3621
954 4688
2643 2365
3515 3979
2634 928
3057 1570
3300 1425
4827 1662
3531 1161
1806 3585
891 2771
4351 3601
2784 889
2162 756
2570 3973
556 1908
3552 2148
1782 957
2643 3960
4171 3020
2885 1942
1452 4843
2241 944
473 4674
3652 4131
2084 408
2428 3907
985 4659
880 1053
3344 484
2161 957
2878 4910
3568 1378
448 2184
3872 2847
4937 689
4212 2147
2143 364
4708 139
4089 636
4356 4822
4619 4722
3702 3762
1782 1908
4538 1053
2601 4216
4418 2598
5000
12 4111
27 4924
71 4639
937 4376
599 4479
433 4248
89 4467
389 4397
697 4797
636 4389
477 4475
512 4961
965 4219
652 4679
454 4024
302 4632
736 4986
153 4770
661 4574
454 4204
211 4923
292 4819
979 4841
53 4543
290 4248
483 4677
840 4844
899 4260
656 4498
816 4959
615 4874
851 4429
793 4291
866 4730
344 4279
423 4372
798 4060
227 4389
13 4774
779 4812
132 4245
745 4003
781 4339
981 4535
781 4986
318 4154
380 4568
419 4657
430 4346
15 4388
601 4306
853 4713
888 4512
608 4872
814 4947
191 4652
455 4597
502 4344
188 4807
656 4124
237 4178
836 4186
165 4393
670 4811
632 4680
143 4648
264 4030
63 4531
512 4418
194 4426
128 4095
457 4911
763 4319
227 4994
141 4385
436 4761
888 4547
516 4757
273 4534
42 4325
655 4028
419 4198
356 4419
686 4762
904 4351
978 4532
513 4546
826 4837
759 4403
624 4034
767 4640
839 4584
406 4307
661 4588
593 4534
57 4565
187 4639
10 4974
183 4570
129 4742
334 4402
111 4223
722 4293
321 4614
420 4818
251 4792
852 4196
163 4663
895 4885
504 4487
901 4762
11 4764
723 4968
476 4768
703 4634
416 4511
43 4864
905 4009
555 4847
47 4826
458 4276
670 4219
530 4038
87 4703
962 4215
204 4742
325 4177
46 4859
961 4680
537 4084
997 4428
43 4972
7 4243
137 4491
468 4385
650 4993
321 4928
64 4213
58 4742
300 4113
489 4905
385 4961
881 4635
84 4184
99 4486
146 4050
497 4823
891 4271
241 4555
974 4285
37 4906
324 4035
728 4438
849 4525
579 4242
33 4699
786 4075
63 4304
704 4281
356 4012
74 4467
878 4274
522 4819
847 4879
427 4022
48 4327
421 4003
573 4271
601 4679
834 4923
55 4605
830 4670
741 4055
183 4947
516 4690
871 4711
94 4285
542 4147
746 4241
111 4739
51 4615
151 4569
437 4163
980 4959
362 4498
754 4190
100 4180
316 4170
908 4450
152 4618
923 4959
252 4657
798 4511
104 4151
959 4273
196 4429
802 4972
4 4979
253 4162
137 4753
940 4255
41 4200
220 4985
657 4743
878 4006
771 4829
654 4615
131 4322
868 4223
926 4244
74 4226
157 4459
640 4549
22 4612
621 4441
484 4247
767 4216
56 4839
733 4860
800 4333
978 4283
535 4876
556 4939
452 4114
486 4941
600 4244
355 4236
130 4743
261 4938
549 4774
485 4496
470 4663
475 4690
854 4013
847 4236
534 4820
737 4743
636 4606
831 4410
472 4609
37 4466
644 4445
954 4031
28 4127
328 4012
322 4320
836 4949
157 4162
967 4199
883 4944
892 4673
661 4252
491 4133
658 4653
797 4565
990 4783
409 4037
204 4465
143 4005
74 4092
779 4619
308 4425
555 4251
620 4305
652 4934
288 4642
83 4556
596 4844
776 4402
418 4664
663 4531
887 4315
762 4870
424 4702
545 4299
804 4055
284 4814
404 4515
410 4743
8 4818
906 4904
140 4129
219 4397
227 4678
863 4713
355 4606
989 4564
49 4983
455 4926
70 4341
905 4491
67 4830
252 4629
360 4564
521 4828
483 4366
841 4252
207 4750
221 4298
595 4073
298 4967
605 4233
687 4513
982 4034
122 4373
376 4350
87 4749
486 4170
58 4841
698 4334
360 4031
820 4013
841 4707
186 4633
897 4189
211 4444
359 4046
769 4079
325 4049
198 4115
361 4890
501 4481
307 4296
533 4459
888 4433
329 4135
518 4474
572 4455
258 4596
932 4922
638 4894
667 4145
295 4806
606 4465
286 4741
287 4508
45 4061
998 4574
436 4252
920 4785
588 4134
94 4296
245 4869
602 4860
947 4832
229 4313
262 4828
404 4230
626 4846
268 4263
379 4980
851 4963
781 4287
650 4949
164 4562
976 4100
816 4879
528 4234
371 4822
550 4260
733 4998
557 4054
399 4464
101 4620
607 4438
139 4362
228 4287
874 4098
379 4639
401 4478
833 4297
572 4828
426 4581
791 4611
81 4232
904 4623
248 4654
325 4409
802 4937
518 4172
696 4903
996 4968
345 4237
578 4463
453 4934
355 4353
908 4122
357 4488
10 4663
580 4108
983 4120
929 4085
788 4873
868 4962
879 4207
728 4140
155 5000
78 4306
130 4534
37 4779
53 4195
313 4014
437 4524
57 4610
970 4989
142 4261
732 4641
200 4949
921 4166
682 4545
854 4827
114 4717
449 4698
786 4152
566 4011
562 4166
497 4190
770 4989
588 4119
946 4281
369 4400
29 4854
641 4536
373 4153
718 4022
496 4309
607 4708
604 4727
314 4708
447 4298
527 4555
850 4144
377 4896
846 4517
952 4884
608 4060
310 4247
113 4687
143 4839
345 4336
988 4208
661 4192
369 4355
670 4698
918 4254
85 4856
235 4415
604 4705
951 4569
430 4232
171 4386
401 4677
98 4323
35 4415
788 4782
627 4537
275 4629
226 4912
261 4167
97 4790
4 4465
116 4953
35 4734
72 4705
282 4368
497 4708
539 4786
303 4258
845 4395
58 4176
712 4884
275 4197
627 4772
933 4975
219 4832
980 4099
749 4517
189 4271
158 4945
118 4400
169 4965
23 4611
937 4604
530 4333
327 4744
142 4657
709 4025
890 4925
60 4493
688 4435
835 4935
960 4353
833 4257
343 4041
190 4375
847 4286
381 4777
609 4387
668 4950
144 4364
895 4089
176 4866
154 4214
847 4263
861 4697
91 4134
589 4884
988 4984
440 4813
546 4742
65 4945
442 4419
422 4659
86 4270
86 4066
987 4216
798 4895
743 4826
310 4514
138 4388
56 4264
900 4694
776 4213
328 4824
490 4218
231 4176
376 4398
632 4631
67 4211
678 4274
965 4016
978 4690
629 4601
819 4579
562 4886
764 4181
867 4513
341 4292
582 4053
788 4104
407 4319
221 4693
531 4374
223 4313
62 4778
306 4968
434 4455
814 4984
874 4623
613 4483
646 4881
804 4152
327 4508
261 4353
77 4354
721 4226
350 4100
804 4895
594 4338
802 4331
189 4144
817 4472
205 4935
270 4699
597 4354
724 4684
185 4876
114 4982
667 4057
741 4155
918 4964
790 4757
680 4594
661 4700
981 4113
798 4716
897 4836
987 4386
646 4833
434 4603
296 4161
448 4108
389 4374
398 4519
625 4642
788 4227
648 4555
507 4200
565 4273
167 4046
995 4348
885 4899
674 4126
520 4399
477 4117
402 4400
737 4621
474 4236
120 4239
369 4779
671 4788
34 4113
933 4928
857 4693
141 4584
162 4187
757 4354
582 4713
744 4495
281 4748
537 4881
119 4962
658 4821
489 4332
827 4160
818 4946
550 4465
111 4213
787 4171
207 4538
512 4487
343 4396
579 4500
953 4927
603 4630
365 4692
787 4280
72 4024
833 4057
805 4908
614 4184
850 4604
438 4617
276 4407
347 4803
165 4976
53 4615
173 4729
821 4977
374 4939
410 4500
261 4734
307 4127
62 4796
238 4602
663 4333
401 4952
112 4504
551 4394
248 4894
637 4632
956 4648
877 4111
204 4562
731 4409
766 4622
902 4976
616 4002
529 4064
896 4117
587 4704
533 4221
996 4999
28 4568
841 4231
676 4892
497 4131
43 4360
832 4096
756 4287
212 4709
129 4712
247 4746
310 4104
5 4787
766 4227
862 4586
746 4741
862 4918
638 4883
763 4997
366 4936
959 4059
506 4553
502 4665
6 4080
986 4916
469 4882
653 4635
383 4199
174 4423
872 4837
785 4448
395 4844
280 4660
759 4704
206 4775
56 4809
102 4305
433 4139
743 4122
593 4901
427 4895
876 4434
528 4747
268 4233
62 4156
191 4525
42 4235
666 4268
418 4305
214 4689
634 4154
946 4617
431 4884
761 4894
610 4748
854 4030
728 4637
517 4145
551 4161
396 4469
347 4763
314 4033
362 4330
974 4532
564 4990
211 4892
175 4704
626 4015
266 4869
665 4298
665 4103
515 4530
504 4495
569 4655
371 4397
55 4418
294 4915
841 4275
904 4398
663 4244
358 4979
967 4843
765 4201
154 4906
815 4458
938 4463
506 4882
3 4715
957 4412
286 4307
141 4256
998 4913
55 4573
221 4097
102 4774
6 4491
559 4662
9 4164
539 4164
978 4747
174 4446
914 4436
398 4365
435 4984
173 4389
6 4311
282 4977
440 4803
133 4592
908 4748
658 4306
434 4683
584 4490
177 4184
139 4553
8 4315
790 4983
476 4667
645 4201
861 4984
825 4857
305 4810
653 4776
453 4486
921 4189
441 4876
709 4051
843 4243
897 4268
855 4631
707 4609
550 4400
696 4813
277 4003
54 4085
952 4453
473 4536
606 4652
381 4846
109 4147
164 4403
665 4066
431 4041
754 4146
154 4935
740 4401
356 4243
140 4811
348 4809
591 4764
402 4921
380 4605
565 4043
645 4548
865 4891
873 4754
188 4634
206 4532
968 4050
686 4921
59 4480
71 4559
701 4648
936 4676
786 4898
697 4365
434 4590
978 4514
901 4049
702 4380
706 4054
137 4828
281 4643
535 4963
968 4833
15 4881
971 4329
937 4567
632 4455
564 4907
170 4137
187 4160
700 4948
736 4962
864 4123
834 4730
8 4223
219 4439
245 4781
365 4143
814 4579
886 4352
140 4658
897 4594
467 4041
575 4200
547 4941
966 4203
184 4058
345 4590
495 4656
944 4048
611 4727
905 4908
302 4993
791 4560
627 4995
530 4215
860 4305
895 4903
567 4989
682 4035
783 4318
17 4647
376 4264
650 4054
186 4401
712 4716
858 4173
370 4106
566 4582
917 4869
799 4526
411 4670
620 4705
651 4232
260 4627
291 4212
164 4101
564 4117
802 4815
965 4026
217 4701
666 4287
599 4378
487 4995
195 4749
391 4128
154 4294
922 4397
724 4879
430 4716
146 4260
508 4011
331 4785
215 4635
656 4006
761 4730
220 4260
807 4481
648 4365
54 4246
774 4445
174 4792
92 4931
613 4164
363 4214
807 4891
25 4399
61 4568
276 4923
51 4090
936 4038
439 4478
410 4911
519 4419
326 4902
801 4619
238 4591
73 4253
676 4043
735 4755
83 4683
671 4460
200 4301
677 4266
342 4658
536 4378
611 4158
558 4294
429 4773
960 4387
689 4734
384 4658
877 4858
904 4070
244 4449
461 4738
82 4624
452 4065
248 4965
708 4275
299 4263
140 4955
616 4055
678 4290
499 4631
836 4610
528 4813
385 4690
633 4582
796 4205
402 4474
129 4769
145 4965
128 4208
481 4064
970 4082
497 4369
881 4285
697 4624
447 4594
733 4092
930 4176
141 4601
854 4829
499 4924
188 4784
191 4121
538 4448
176 4761
523 4635
643 4317
672 4190
873 4433
622 4928
260 4273
746 4654
826 4357
35 4877
326 4005
695 4969
427 4403
832 4105
458 4667
648 4767
198 4124
235 4416
54 4580
21 4657
19 4038
4 4148
754 4387
382 4165
364 4753
325 4673
852 4670
810 4560
649 4132
257 4862
485 4834
580 4197
589 4063
642 4865
465 4294
313 4553
414 4824
209 4841
595 4789
91 4377
585 4433
682 4923
991 4991
497 4832
52 4350
838 4688
590 4854
917 4764
379 4177
735 4156
670 4035
845 4271
124 4328
271 4839
239 4816
538 4089
10 4676
138 4389
751 4029
980 4570
414 4354
959 4615
62 4630
171 4274
953 4123
747 4402
891 4657
303 4220
563 4445
230 4909
805 4011
778 4652
351 4586
964 4534
411 4898
713 4574
93 4103
621 4076
925 4114
15 4321
279 4220
293 4115
161 4459
74 4590
804 4128
205 4685
223 4663
867 4900
136 4628
744 4685
685 4150
10 4965
570 4845
294 4973
707 4931
48 4815
980 4613
693 4743
712 4246
235 4662
503 4456
628 4734
387 4267
254 4287
317 4161
910 4108
323 4776
414 4341
213 4725
69 4539
672 4448
566 4686
34 4037
420 4134
511 4036
260 4964
204 4870
707 4791
930 4063
546 4982
661 4066
135 4001
46 4816
862 4159
973 4478
343 4478
355 4242
794 4876
535 4356
184 4536
799 4053
316 4040
338 4633
963 4762
756 4500
815 4241
825 4886
474 4966
613 4751
753 4891
228 4665
526 4662
725 4168
115 4186
700 4259
780 4901
321 4800
268 4522
387 4137
994 4949
200 4769
294 4337
585 4990
687 4233
450 4268
647 4025
400 4973
337 4594
790 4987
377 4128
97 4793
309 4813
251 4453
371 4058
21 4367
947 4593
408 4271
910 4324
69 4873
687 4507
787 4336
800 4368
570 4683
344 4484
294 4506
821 4302
950 4135
653 4256
805 4933
113 4080
729 4899
739 4334
722 4149
751 4579
293 4087
392 4589
58 4826
861 4746
938 4202
892 4635
717 4437
149 4092
531 4284
771 4917
169 4904
606 4339
654 4435
140 4213
759 4524
601 4726
392 4849
269 4517
965 4658
709 4302
56 4994
868 4823
274 4541
460 4898
303 4065
935 4886
565 4236
195 4837
526 4506
693 4204
335 4955
405 4477
320 4894
91 4196
948 4193
848 4428
595 4420
473 4759
687 4017
311 4672
315 4965
426 4650
883 4779
847 4125
959 4997
255 4684
74 4051
570 4024
451 4391
484 4698
185 4998
783 4067
116 4896
217 4485
642 4274
192 4918
967 4296
139 4864
585 4125
530 4306
691 4391
225 4965
263 4323
897 4646
282 4331
79 4263
586 4922
873 4485
763 4733
926 4279
99 4231
982 4156
547 4963
978 4122
799 4073
69 4270
272 4061
851 4223
1000 4795
648 4641
356 4763
53 4067
801 4253
942 4960
568 4067
968 4055
756 4785
793 4225
463 4462
160 4646
695 4400
751 4687
214 4673
621 4874
579 4236
481 4856
179 4166
428 4918
748 4021
511 4558
915 4627
253 4123
44 4271
130 4983
474 4184
748 4365
176 4625
328 4015
311 4786
872 4197
801 4085
748 4154
69 4541
7 4792
316 4932
491 4357
76 4804
775 4268
130 4770
192 4301
229 4577
46 4072
881 4476
409 4028
778 4785
483 4874
737 4063
263 4721
931 4319
899 4368
896 4506
26 4294
442 4510
301 4138
919 4873
339 4906
192 4449
975 4493
955 4426
833 4983
414 4182
647 4288
893 4097
468 4523
629 4220
530 4424
618 4934
117 4553
222 4786
912 4782
587 4612
396 4240
19 4506
693 4061
510 4154
600 4992
908 4079
330 4222
811 4324
267 4778
539 4093
867 4975
112 4385
763 4335
816 4568
535 4718
278 4996
346 4597
950 4737
979 4536
162 4085
406 4415
300 4407
118 4862
772 4391
722 4020
997 4145
422 4132
211 4769
588 4158
440 4847
570 4331
408 4008
333 4754
808 4032
614 4686
30 4618
876 4397
749 4755
67 4327
24 4154
595 4107
154 4409
556 4481
323 4209
448 4095
198 4207
801 4941
824 4377
966 4576
75 4103
232 4143
204 4361
25 4400
305 4005
847 4368
855 4678
574 4141
515 4276
636 4468
984 4567
592 4466
777 4129
21 4268
183 4806
780 4709
349 4020
472 4939
42 4899
102 4672
598 4165
676 4442
217 4771
273 4243
8 4035
110 4478
842 4915
731 4911
290 4916
101 4967
341 4439
703 4282
815 4986
55 4042
873 4328
514 4711
149 4834
314 4406
637 4983
470 4157
377 4493
971 4832
440 4605
434 4621
433 4465
690 4864
658 4469
127 4047
81 4487
779 4355
528 4183
61 4100
830 4740
63 4514
844 4077
404 4571
254 4890
754 4480
363 4126
804 4270
254 4799
283 4646
998 4224
373 4236
34 4443
686 4648
577 4744
543 4439
169 4204
309 4191
303 4786
476 4029
158 4755
843 4775
699 4014
33 4617
457 4766
616 4473
192 4847
688 4401
524 4830
432 4160
90 4268
153 4112
510 4369
979 4029
979 4056
781 4091
427 4279
630 4541
736 4012
545 4974
329 4111
809 4136
345 4386
481 4110
213 4449
447 4226
109 4218
242 4822
84 4740
546 4556
579 4111
39 4333
51 4175
820 4466
266 4840
693 4132
280 4866
223 4597
297 4402
87 4483
886 4764
709 4656
944 4802
626 4523
12 4716
561 4164
78 4846
970 4419
375 4586
196 4174
352 4659
452 4741
372 4957
297 4750
88 4198
74 4424
447 4062
42 4888
876 4974
282 4485
998 4985
584 4717
651 4669
455 4492
630 4481
87 4457
27 4676
566 4927
718 4907
783 4357
566 4751
634 4620
687 4223
276 4300
688 4123
881 4998
634 4132
791 4943
979 4197
533 4554
634 4883
596 4739
827 4540
636 4908
389 4593
978 4416
11 4316
424 4081
216 4488
325 4898
902 4619
23 4668
864 4565
135 4274
14 4021
172 4852
857 4249
443 4148
488 4338
725 4146
971 4721
720 4024
742 4589
491 4829
832 4688
645 4163
308 4109
701 4584
751 4819
343 4006
908 4710
805 4649
356 4322
820 4212
322 4439
57 4426
238 4123
932 4445
280 4779
347 4138
152 4784
2 4671
131 4914
370 4459
17 4022
759 4674
316 4343
255 4067
307 4742
304 4858
536 4186
321 4549
319 4222
75 4416
185 4766
665 4902
912 4791
478 4703
635 4097
950 4483
428 4895
968 4912
168 4673
42 4704
774 4438
246 4184
916 4363
595 4865
694 4803
159 4535
217 4476
812 4499
967 4390
928 4705
820 4931
450 4633
177 4517
401 4518
590 4963
383 4482
941 4537
6 4220
676 4499
658 4279
731 4472
271 4339
407 4512
316 4623
295 4548
521 4758
421 4967
645 4205
807 4792
34 4766
983 4685
885 4335
807 4920
329 4400
537 4098
979 4711
382 4736
508 4996
757 4215
170 4451
758 4897
272 4878
144 4198
703 4279
448 4289
388 4790
483 4056
620 4520
797 4362
966 4554
259 4406
424 4633
486 4921
581 4609
1 4907
989 4784
805 4590
205 4249
731 4055
952 4719
650 4864
62 4896
193 4268
589 4309
687 4768
981 4220
33 4882
320 4533
4 4179
210 4988
916 4652
389 4900
772 4978
656 4454
895 4786
953 4405
550 4500
664 4554
259 4951
182 4758
373 4329
751 4028
325 4187
924 4987
784 4326
427 4268
710 4185
842 4400
115 4934
42 4015
316 4776
889 4537
636 4309
419 4405
255 4020
258 4243
335 4669
427 4851
333 4267
114 4050
490 4003
345 4825
399 4290
821 4132
874 4225
786 4851
713 4688
640 4866
52 4692
558 4026
798 4824
598 4388
708 4933
777 4425
994 4970
540 4100
442 4674
619 4666
662 4424
421 4800
744 4444
928 4513
8 4163
319 4626
526 4712
393 4623
240 4461
916 4905
982 4160
41 4422
748 4959
474 4064
544 4930
681 4969
988 4555
435 4820
774 4078
749 4027
159 4280
125 4136
673 4258
13 4573
900 4235
83 4986
763 4983
844 4682
770 4034
115 4885
123 4723
44 4309
833 4857
350 4696
132 4903
144 4048
559 4632
27 4499
230 4041
352 4420
372 4961
668 4911
780 4393
817 4677
974 4044
359 4061
324 4598
531 4197
389 4485
814 4715
106 4592
249 4167
872 4786
847 4837
517 4206
357 4876
446 4127
933 4976
880 4743
905 4815
774 4276
798 4102
411 4690
510 4314
352 4332
171 4719
568 4177
585 4841
265 4518
411 4356
278 4648
49 4821
723 4270
536 4260
497 4440
363 4672
323 4227
416 4610
536 4728
894 4205
385 4736
694 4027
581 4745
143 4999
412 4581
399 4978
305 4927
766 4534
467 4830
597 4933
485 4789
991 4760
277 4672
894 4663
970 4103
674 4420
194 4545
814 4814
490 4512
763 4199
415 4703
721 4477
813 4964
619 4001
750 4757
394 4874
517 4685
669 4687
260 4596
840 4662
338 4960
618 4072
913 4814
659 4506
295 4823
366 4938
419 4123
451 4646
603 4734
568 4533
844 4749
137 4050
921 4616
54 4300
399 4422
324 4560
385 4642
343 4745
719 4343
286 4077
652 4077
111 4344
304 4753
356 4061
131 4342
350 4217
292 4942
730 4447
609 4431
881 4313
327 4086
276 4323
205 4781
703 4192
756 4909
446 4057
265 4802
774 4481
686 4785
365 4851
901 4251
476 4703
607 4215
235 4135
381 4569
662 4373
413 4733
623 4472
318 4138
405 4563
439 4727
515 4756
261 4351
139 4813
684 4085
101 4158
377 4750
842 4877
805 4425
414 4667
388 4831
222 4527
991 4019
454 4543
526 4297
462 4411
618 4526
870 4503
586 4972
71 4508
388 4794
348 4447
535 4254
817 4261
406 4170
722 4147
439 4376
464 4992
669 4038
248 4392
587 4504
668 4455
947 4009
278 4179
838 4736
745 4598
156 4266
818 4430
78 4003
616 4773
130 4493
472 4232
158 4189
68 4921
793 4633
717 4891
543 4530
894 4889
283 4089
435 4214
970 4307
114 4051
549 4293
456 4907
223 4134
999 4271
736 4176
511 4128
57 4381
27 4096
441 4849
733 4464
624 4036
556 4464
986 4421
965 4825
54 4710
440 4003
167 4177
293 4693
378 4839
807 4545
721 4979
775 4060
768 4656
644 4006
198 4480
561 4086
879 4048
847 4940
687 4637
957 4012
281 4864
837 4990
345 4969
898 4622
303 4668
887 4484
781 4407
433 4804
42 4079
535 4236
616 4294
232 4983
243 4182
342 4172
684 4810
890 4559
965 4441
657 4715
853 4154
925 4845
341 4072
935 4216
652 4403
579 4152
753 4538
92 4608
519 4266
867 4698
774 4645
322 4258
615 4291
173 4034
768 4082
99 4820
33 4967
264 4065
726 4784
655 4733
38 4423
936 4216
123 4047
556 4811
931 4884
816 4558
878 4237
681 4853
785 4641
445 4324
243 4179
139 4343
662 4613
963 4468
576 4670
600 4195
146 4900
989 4123
497 4985
406 4237
683 4077
593 4445
620 4655
629 4388
770 4627
434 4567
526 4787
833 4958
556 4510
764 4092
364 4722
633 4466
922 4938
316 4555
338 4549
739 4374
41 4516
638 4253
112 4882
150 4624
882 4994
636 4986
408 4554
549 4807
963 4586
805 4995
146 4219
859 4274
276 4455
260 4743
1000 4301
194 4717
771 4850
853 4664
890 4335
538 4026
936 4765
708 4285
35 4953
664 4899
170 4208
454 4479
401 4873
997 4283
929 4510
21 4166
417 4393
419 4860
914 4470
768 4676
841 4181
635 4456
718 4869
929 4255
901 4815
170 4179
202 4488
469 4938
195 4453
311 4325
264 4204
32 4626
414 4872
446 4562
477 4441
142 4307
207 4789
128 4715
50 4512
811 4706
159 4101
297 4525
819 4283
308 4546
710 4550
841 4399
707 4316
116 4705
935 4842
780 4519
974 4874
128 4123
882 4814
946 4003
421 4345
795 4996
777 4362
127 4682
517 4656
354 4496
483 4421
476 4907
184 4131
561 4773
508 4536
540 4362
883 4785
573 4709
347 4272
632 4921
895 4758
248 4503
378 4207
51 4866
528 4880
152 4300
474 4377
111 4415
57 4915
280 4748
85 4241
854 4821
189 4239
485 4969
202 4076
738 4003
735 4887
698 4921
172 4675
470 4389
588 4970
709 4486
691 4859
490 4893
492 4372
952 4336
665 4910
467 4326
148 4971
105 4823
398 4657
896 4418
175 4541
602 4963
789 4094
631 4035
936 4687
193 4366
565 4130
134 4779
89 4253
345 4255
673 4550
594 4015
216 4462
63 4975
313 4880
51 4805
253 4343
879 4893
910 4921
94 4988
549 4998
701 4804
346 4582
106 4843
258 4446
459 4546
885 4298
835 4350
120 4935
386 4217
137 4432
922 4670
442 4285
841 4992
639 4203
659 4064
371 4615
255 4448
936 4968
86 4091
605 4888
223 4033
429 4881
799 4036
790 4823
863 4821
951 4826
310 4684
486 4176
496 4858
896 4349
511 4783
850 4923
577 4266
824 4328
227 4396
476 4954
493 4556
321 4619
405 4410
960 4533
144 4379
419 4701
790 4455
96 4496
549 4876
25 4590
73 4832
705 4353
547 4706
921 4133
295 4798
485 4765
515 4275
928 4961
885 4438
567 4450
340 4266
629 4058
786 4758
26 4236
863 4446
185 4823
385 4765
858 4010
740 4303
189 4679
837 4810
217 4648
3 4598
740 4179
783 4329
283 4933
723 4876
252 4487
730 4235
458 4828
231 4519
425 4231
728 4604
499 4277
892 4843
242 4318
474 4038
991 4443
364 4789
595 4903
188 4387
284 4854
30 4688
81 4407
903 4997
385 4985
372 4601
681 4126
229 4239
789 4211
203 4197
818 4068
840 4259
169 4663
166 4824
758 4360
731 4620
481 4990
620 4661
260 4128
360 4555
463 4090
702 4211
705 4413
560 4028
160 4379
498 4252
3 4534
414 4721
541 4100
370 4766
540 4667
357 4668
59 4932
853 4613
821 4018
469 4054
156 4040
797 4189
673 4124
706 4661
244 4325
600 4914
5 4614
989 4535
172 4753
935 4465
911 4466
89 4107
402 4409
946 4838
916 4110
142 4343
895 4170
698 4622
112 4346
426 4832
712 4266
957 4637
154 4404
595 4215
630 4830
214 4784
189 4597
727 4448
166 4196
114 4185
49 4491
372 4668
850 4096
68 4920
367 4831
328 4102
205 4234
714 4198
897 4518
651 4512
451 4284
485 4906
815 4187
383 4069
743 4510
429 4823
611 4841
927 4678
691 4107
35 4274
206 4620
29 4200
332 4931
941 4389
33 4471
578 4738
674 4274
958 4033
117 4956
714 4281
492 4542
732 4934
347 4969
421 4957
827 4002
192 4659
517 4880
992 4252
506 4040
177 4787
19 4364
114 4980
845 4240
537 4915
7 4521
455 4563
47 4996
950 4255
353 4275
712 4721
401 4558
218 4604
772 4139
225 4859
810 4214
811 4750
127 4896
306 4888
938 4295
284 4090
285 4553
118 4565
774 4249
243 4002
381 4518
271 4659
63 4991
329 4886
562 4286
744 4949
363 4623
5 4423
285 4120
746 4580
274 4527
961 4108
102 4389
64 4101
778 4188
467 4783
999 4050
347 4552
195 4027
598 4599
137 4265
950 4458
788 4107
774 4806
4 4686
339 4346
837 4303
255 4610
267 4652
892 4621
899 4678
103 4918
198 4584
731 4891
687 4140
23 4160
559 4683
482 4650
910 4553
599 4075
221 4602
300 4104
114 4895
783 4252
636 4863
818 4275
248 4558
862 4279
555 4655
295 4099
393 4474
607 4465
781 4436
61 4493
825 4985
119 4566
153 4235
389 4479
99 4856
320 4706
257 4597
67 4849
139 4877
81 4058
766 4696
687 4928
674 4684
435 4730
643 4549
718 4890
597 4244
206 4790
973 4545
678 4960
286 4945
874 4964
994 4326
710 4061
386 4658
94 4695
879 4962
404 4906
161 4634
365 4723
336 4941
261 4379
562 4074
356 4885
908 4085
784 4737
908 4899
309 4034
598 4347
595 4800
846 4206
632 4949
366 4069
949 4888
920 4701
340 4460
638 4820
346 4663
23 4729
994 4466
69 4534
635 4171
397 4197
722 4244
175 4316
115 4586
39 4728
812 4598
746 4458
674 4668
285 4933
73 4277
515 4756
638 4381
789 4211
775 4005
223 4629
701 4486
761 4759
368 4938
715 4015
508 4643
292 4944
756 4737
197 4465
940 4740
865 4656
898 4294
216 4210
648 4039
172 4960
979 4685
187 4769
536 4378
671 4018
200 4244
563 4519
793 4059
367 4319
975 4709
245 4248
954 4698
236 4409
850 4415
413 4704
664 4843
684 4159
583 4548
201 4642
235 4407
72 4614
97 4842
950 4329
759 4162
598 4756
677 4180
307 4098
932 4372
174 4165
654 4328
129 4117
519 4939
877 4969
26 4112
89 4833
670 4605
645 4162
331 4195
694 4471
584 4608
218 4904
463 4596
150 4356
707 4692
262 4950
664 4040
278 4458
660 4333
270 4525
372 4986
795 4750
562 4868
339 4022
406 4321
265 4633
915 4525
267 4618
396 4190
896 4497
350 4520
53 4692
231 4809
354 4558
7 4202
889 4939
918 4795
918 4696
406 4027
77 4995
987 4251
952 4326
480 4440
521 4035
236 4747
319 4118
549 4425
836 4598
99 4209
974 4610
96 4194
724 4532
351 4945
108 4263
11 4084
746 4160
897 4800
699 4422
624 4051
955 4194
135 4297
12 4877
233 4071
633 4084
941 4834
642 4397
240 4053
272 4903
55 4165
203 4940
495 4670
505 4037
656 4874
338 4386
394 4685
586 4183
174 4961
991 4790
944 4362
740 4775
124 4826
213 4600
62 4460
300 4557
342 4663
628 4806
524 4120
19 4124
481 4623
749 4273
454 4373
398 4763
896 4875
856 5000
5 4530
655 4038
944 4115
433 4418
499 4029
778 4277
453 4503
622 4534
842 4172
920 4890
979 4984
235 4036
13 4549
111 4669
6 4959
327 4243
277 4279
912 4986
90 4411
628 4483
30 4009
944 4823
555 4765
387 4155
199 4960
344 4321
222 4213
453 4682
590 4811
717 4686
135 4685
475 4080
938 4481
481 4170
248 4747
15 4484
679 4583
7 4628
745 4777
937 4061
429 4326
395 4072
442 4583
411 4348
481 4160
176 4965
843 4077
29 4966
243 4408
136 4655
733 4635
930 4468
550 4105
911 4172
46 4955
409 4469
444 4204
216 4080
568 4148
773 4761
831 4765
951 4243
386 4407
302 4413
456 4964
85 4944
782 4211
61 4612
60 4326
408 4374
946 4499
59 4490
162 4003
152 4952
687 4285
787 4241
559 4728
475 4391
181 4267
491 4831
458 4525
346 4053
101 4555
984 4147
632 4398
146 4130
557 4625
263 4525
353 4299
283 4577
816 4618
52 4701
129 4554
684 4562
339 4032
919 4681
368 4330
598 4439
321 4835
858 4434
539 4408
348 4313
456 4869
517 4637
792 4533
497 4050
202 4091
826 4717
86 4379
786 4882
365 4864
721 4557
387 4557
96 4837
467 4539
500 4424
595 4382
671 4770
146 4014
668 4715
872 4079
578 4908
181 4432
715 4151
516 4811
957 4690
761 4706
224 4178
561 4316
761 4656
25 4635
78 4198
394 4438
43 4093
291 4934
453 4470
224 4018
653 4198
857 4384
448 4230
822 4090
108 4296
657 4821
573 4553
412 4585
321 4047
646 4643
880 4658
144 4706
896 4852
252 4979
960 4047
560 4526
748 4712
727 4781
104 4535
945 4856
889 4988
109 4723
800 4586
76 4042
936 4907
671 4170
778 4303
523 4872
862 4052
84 4359
397 4341
672 4018
693 4683
446 4934
653 4780
143 4453
218 4799
635 4474
57 4539
231 4537
805 4339
374 4538
67 4523
365 4866
844 4215
235 4760
92 4680
129 4240
57 4086
366 4242
413 4501
215 4857
983 4736
149 4459
847 4734
103 4780
865 4191
186 4922
860 4998
205 4014
252 4836
618 4191
260 4217
810 4407
608 4874
536 4355
825 4825
273 4212
578 4015
794 4543
796 4619
459 4956
253 4752
235 4745
925 4073
732 4277
460 4620
536 4213
934 4159
908 4903
385 4206
931 4007
217 4240
742 4597
130 4829
339 4676
646 4769
916 4649
142 4822
578 4753
382 4915
337 4551
581 4246
525 4632
570 4147
389 4511
702 4755
687 4416
501 4363
589 4726
502 4114
247 4827
262 4816
329 4307
447 4176
198 4936
703 4052
564 4668
998 4139
746 4577
440 4108
303 4649
533 4632
101 4884
709 4633
327 4245
63 4781
446 4284
395 4753
938 4618
279 4798
7 4375
16 4837
198 4092
65 4698
821 4728
240 4867
778 4435
431 4461
468 4965
528 4851
82 4204
685 4182
489 4583
615 4468
455 4134
557 4649
613 4399
496 4750
101 4455
636 4300
305 4245
714 4071
180 4391
379 4307
708 4065
231 4408
688 4585
440 4718
158 4812
144 4135
441 4575
634 4432
785 4886
280 4862
683 4325
305 4760
907 4376
29 4960
495 4971
403 4745
438 4305
978 4289
360 4774
671 4692
632 4843
328 4829
535 4597
902 4827
451 4269
552 4605
664 4134
165 4174
37 4153
938 4671
482 4264
958 4560
433 4125
745 4141
859 4321
996 4921
780 4868
93 4211
618 4024
953 4723
537 4764
616 4004
307 4554
283 4847
30 4160
849 4396
678 4527
307 4743
165 4517
932 4364
952 4411
693 4196
404 4095
24 4539
184 4544
419 4984
61 4603
199 4442
956 4352
226 4522
918 4460
986 4453
2 4718
147 4799
570 4489
290 4559
23 4700
619 4517
463 4516
56 4661
740 4316
595 4985
806 4106
79 4664
731 4002
833 4992
358 4743
996 4989
846 4894
214 4439
209 4369
693 4614
697 4476
294 4397
149 4674
711 4552
635 4902
123 4310
413 4073
686 4237
833 4375
378 4952
5 4640
577 4041
451 4583
979 4352
337 4501
595 4543
981 4428
813 4556
279 4131
931 4780
231 4724
305 4984
752 4624
805 4089
237 4742
939 4379
908 4174
847 4475
368 4945
116 4969
139 4013
109 4957
355 4945
170 4153
132 4765
13 4274
735 4448
718 4542
89 4431
108 4277
999 4313
28 4688
273 4315
511 4747
157 4076
335 4162
261 4584
466 4053
915 4286
699 4396
148 4474
837 4017
131 4600
441 4265
152 4181
618 4680
720 4462
199 4807
542 4885
929 4440
994 4472
85 4316
514 4680
484 4161
766 4410
401 4398
464 4704
171 4658
715 4646
756 4872
60 4116
713 4771
543 4198
203 4337
547 4958
44 4194
64 4565
14 4022
327 4316
865 4201
627 4677
548 4550
607 4457
902 4668
864 4448
749 4059
165 4259
655 4917
692 4234
831 4694
46 4924
922 4314
630 4650
810 4617
902 4523
434 4916
458 4615
916 4452
105 4979
808 4344
194 4807
173 4803
443 4649
597 4543
168 4680
76 4661
265 4424
513 4160
500 4729
897 4644
830 4887
135 4946
68 4919
248 4681
343 4839
479 4645
935 4387
820 4983
335 4415
507 4432
817 4281
434 4070
819 4954
354 4218
27 4969
898 4392
95 4006
496 4988
40 4687
26 4789
168 4389
164 4587
865 4092
986 4760
440 4702
241 4265
730 4253
905 4729
21 4491
869 4802
642 4169
246 4588
450 4338
933 4401
39 4414
768 4303
892 4765
463 4779
303 4922
935 4734
54 4668
310 4777
608 4908
992 4888
110 4561
602 4352
553 4603
805 4240
965 4049
517 4066
503 4067
195 4727
915 4887
631 4724
114 4581
666 4015
401 4794
275 4296
933 4798
400 4304
22 4245
216 4131
817 4869
711 4029
251 4396
137 4294
954 4712
530 4542
174 4763
206 4751
241 4405
916 4925
866 4345
352 4279
728 4571
106 4947
85 4639
961 4300
497 4577
603 4915
1 4651
801 4686
455 4883
735 4203
692 4345
682 4779
404 4202
229 4992
297 4599
645 4541
98 4347
52 4993
324 4158
507 4306
737 4661
323 4528
681 4870
405 4969
615 4981
272 4679
494 4209
372 4857
403 4108
45 4255
932 4925
842 4491
457 4109
222 4896
226 4004
343 4261
994 4530
749 4551
842 4661
197 4231
889 4110
575 4841
995 4947
708 4856
351 4499
612 4962
477 4403
983 4360
463 4779
802 4019
672 4392
845 4102
731 4992
730 4797
37 4184
80 4153
741 4007
114 4841
539 4399
10 4009
599 4382
913 4338
27 4737
531 4277
924 4444
478 4535
468 4322
508 4356
260 4255
82 4132
977 4615
8 4775
948 4110
793 4040
166 4260
949 4675
651 4935
134 4815
143 4111
767 4425
350 4591
676 4759
120 4881
181 4912
205 4463
429 4628
534 4914
355 4727
597 4724
326 4542
77 4476
318 4038
484 4732
497 4871
311 4029
859 4885
407 4646
322 4048
60 4407
369 4017
967 4160
826 4564
44 4361
850 4468
856 4857
88 4425
935 4773
797 4643
689 4287
963 4125
413 4010
95 4560
231 4199
849 4436
878 4786
390 4511
25 4058
835 4196
236 4020
572 4883
901 4917
30 4444
564 4433
114 4625
866 4278
691 4702
561 4896
883 4482
572 4708
120 4467
632 4692
453 4827
868 4269
286 4061
533 4202
723 4614
989 4711
769 4164
949 4286
957 4481
928 4019
883 4244
490 4774
214 4972
192 4331
577 4660
770 4579
653 4293
367 4841
980 4598
55 4541
157 4733
919 4753
729 4060
769 4950
830 4066
866 4524
705 4831
936 4051
737 4781
931 4165
90 4743
202 4457
672 4524
98 4222
452 4528
83 4220
547 4599
340 4418
533 4113
168 4287
588 4060
984 4674
598 4750
491 4153
220 4718
939 4170
36 4421
2 4116
76 4032
789 4028
744 4010
824 4438
453 4004
370 4018
311 4517
146 4018
512 4272
826 4821
434 4569
212 4590
247 4950
146 4243
63 4141
169 4133
554 4922
409 4810
630 4949
182 4181
323 4493
515 4800
693 4208
704 4343
930 4870
553 4949
893 4529
850 4356
826 4005
559 4678
787 4560
168 4636
378 4889
773 4986
391 4992
222 4519
421 4041
287 4646
280 4329
466 4550
594 4845
637 4442
855 4381
317 4993
317 4236
731 4244
791 4845
318 4769
476 4989
937 4674
275 4459
703 4237
434 4449
276 4602
944 4536
286 4407
608 4781
788 4388
703 4854
453 4366
431 4891
525 4037
701 4605
939 4996
895 4639
110 4396
570 4719
313 4975
867 4108
852 4422
525 4158
414 4306
659 4927
336 4739
326 4651
27 4356
1 4273
581 4625
107 4423
512 4565
500 4311
203 4606
996 4812
669 4622
880 4003
231 4952
599 4034
793 4583
860 4050
616 4919
580 4917
502 4393
979 4582
155 4975
338 4627
443 4972
348 4908
744 4625
312 4521
546 4384
753 4013
635 4513
781 4749
295 4430
371 4583
580 4216
593 4307
503 4158
205 4075
744 4457
994 4754
534 4033
772 4854
574 4246
248 4606
952 4718
582 4074
370 4058
120 4558
953 4055
544 4013
189 4622
461 4453
581 4187
102 4135
923 4142
874 4619
585 4884
303 4238
540 4891
266 4571
751 4168
886 4251
51 4473
936 4997
262 4450
315 4492
946 4760
15 4964
752 4496
752 4507
348 4965
284 4175
19 4140
820 4203
570 4385
102 4130
272 4526
539 4432
839 4279
53 4043
879 4158
203 4693
436 4424
360 4655
424 4421
281 4758
916 4800
566 4189
724 4739
18 4790
136 4256
694 4200
74 4672
995 4167
669 4700
495 4184
386 4509
386 4952
321 4340
337 4087
702 4081
10 4584
906 4454
729 4102
748 4167
786 4326
559 4664
17 4983
806 4197
367 4531
93 4592
93 4578
65 4613
158 4196
507 4870
751 4027
385 4150
611 4274
606 4598
821 4329
68 4162
60 4804
398 4705
246 4350
346 4551
886 4489
671 4515
112 4668
588 4368
936 4409
745 4076
685 4756
898 4779
571 4707
617 4609
393 4566
355 4778
200 4038
830 4875
830 4918
272 4965
370 4371
276 4125
320 4867
89 4988
951 4008
100 4424
418 4761
663 4744
572 4124
314 4032
967 4414
673 4625
150 4207
270 4070
185 4047
784 4150
521 4097
91 4549
757 4266
402 4939
861 4928
643 4240
269 4970
730 4300
340 4124
457 4273
29 4985
87 4557
741 4077
982 4657
999 4071
545 4444
396 4642
613 4085
431 4462
983 4003
672 4001
62 4861
527 4592
611 4025
28 4132
279 4981
876 4901
515 4983
391 4008
542 4334
927 4768
914 4661
707 4414
880 4892
86 4569
750 4981
745 4652
54 4951
984 4811
976 4509
372 4467
91 4900
236 4693
112 4400
402 4257
303 4036
363 4194
646 4171
982 4878
246 4833
969 4603
321 4225
96 4665
394 4878
400 4482
195 4130
460 4738
53 4478
109 4398
419 4014
967 4367
696 4562
969 4076
186 4892
405 4089
607 4174
833 4627
703 4640
789 4415
402 4178
806 4973
564 4350
803 4984
565 4563
230 4570
446 4122
861 4547
929 4418
378 4887
680 4530
511 5000
401 4114
398 4609
601 4376
312 4638
942 4555
204 4165
769 4114
730 4533
108 4403
305 4665
592 4036
750 4292
523 4738
958 4378
432 4035
957 4082
918 4716
888 4798
414 4674
504 4895
959 4577
96 4841
500 4686
457 4074
241 4950
844 4186
954 4388
648 4530
845 4595
116 4437
672 4984
751 4776
454 4749
30 4417
934 4789
95 4873
172 4284
723 4065
300 4883
552 4423
301 4020
24 4309
91 4826
692 4710
503 4694
694 4001
562 4665
789 4505
151 4918
522 4130
417 4763
627 4389
150 4116
597 4110
714 4999
239 4986
166 4901
829 4955
187 4013
906 4175
186 4441
802 4445
725 4686
87 4125
163 4021
794 4115
816 4419
300 4778
467 4913
430 4224
141 4955
558 4765
566 4977
674 4788
658 4471
898 4862
428 4645
289 4890
410 4207
244 4317
721 4331
87 4753
938 4133
436 4576
13 4682
437 4630
981 4383
204 4352
5 4335
249 4678
777 4431
164 4066
240 4514
507 4663
864 4404
518 4353
602 4984
537 4174
591 4832
938 4840
756 4369
339 4528
258 4002
458 4234
530 4001
512 4243
583 4213
319 4676
243 4192
776 4604
423 4237
515 4631
429 4356
855 4945
976 4462
133 4754
975 4780
824 4863
461 4550
256 4188
501 4861
624 4539
740 4920
332 4171
375 4455
687 4226
191 4754
964 4378
66 4919
187 4379
988 4518
630 4396
190 4429
620 4786
237 4314
886 4653
358 4509
249 4133
841 4674
59 4160
811 4783
569 4089
897 4714
176 4407
457 4313
947 4068
219 4511
765 4137
305 4762
655 4425
931 4366
220 4125
317 4167
18 4570
709 4913
940 4306
344 4288
950 4887
964 4735
657 4200
395 4882
56 4738
654 4274
386 4470
464 4325
361 4886
45 4561
785 4229
675 4764
373 4601
24 4094
71 4705
540 4018
398 4135
512 4680
189 4525
143 4370
634 4399
972 4424
764 4485
428 4132
673 4246
549 4541
230 4180
736 4325
184 4954
699 4226
131 4206
281 4421
985 4014
822 4732
981 4277
582 4384
841 4035
549 4591
293 4166
965 4832
728 4099
803 4497
555 4787
418 4880
828 4334
573 4331
689 4088
759 4112
447 4455
101 4325
361 4712
366 4542
36 4605
154 4960
947 4016
153 4009
702 4708
861 4172
112 4217
651 4790
185 4956
878 4754
433 4456
709 4877
863 4591
253 4745
241 4143
1 4787
621 4510
786 4267
359 4971
386 4647
507 4850
709 4559
141 4998
442 4887
639 4245
310 4623
403 4237
411 4667
978 4840
111 4994
653 4545
231 4766
426 4660
69 4033
512 4024
367 4130
22 4276
259 4739
2 4251
344 4635
774 4296
726 4082
527 4488
993 4065
576 4290
898 4158
284 4951
646 4297
324 4714
91 4792
744 4759
345 4314
633 4179
349 4038
406 4456
452 4434
213 4021
445 4595
549 4392
592 4129
641 4004
838 4342
407 4752
384 4594
154 4998
637 4401
510 4422
878 4151
226 4030
285 4337
722 4684
710 4316
549 4005
180 4874
404 4421
654 4009
429 4558
244 4970
646 4469
893 4043
262 4352
346 4732
153 4784
73 4297
426 4974
226 4068
366 4599
302 4249
110 4808
570 4719
845 4712
478 4330
931 4737
962 4482
281 4213
163 4426
726 4592
395 4208
370 4274
343 4040
825 4434
333 4679
178 4994
261 4137
960 4733
951 4178
744 4457
597 4117
644 4300
931 4334
712 4152
732 4232
899 4511
279 4039
209 4150
418 4371
286 4274
157 4706
581 4484
162 4747
202 4060
123 4619
861 4974
629 4024
264 4984
316 4302
386 4119
215 4581
566 4877
30 4984
141 4028
801 4684
643 4335
714 4397
657 4582
661 4553
142 4046
743 4425
307 4178
37 4412
295 4268
447 4714
481 4770
773 4993
780 4897
1000 4819
688 4115
612 4002
766 4737
876 4088
68 4087
655 4425
818 4922
930 4534
84 4338
526 4273
673 4072
347 4914
683 4119
109 4692
872 4827
78 4871
792 4211
444 4052
728 4734
52 4667
599 4695
423 4405
775 4128
268 4665
774 4553
647 4535
605 4061
433 4030
105 4241
7 4302
368 4596
239 4254
214 4013
504 4732
569 4632
737 4038
922 4463
485 4699
829 4850
966 4089
850 4044
728 4294
37 4411
583 4742
210 4637
795 4079
70 4107
227 4630
602 4040
776 4800
137 4175
892 4889
292 4734
210 4149
996 4245
695 4328
136 4397
409 4278
647 4969
375 4513
584 4101
578 4751
976 4545
875 4681
492 4869
557 4489
479 4618
939 4691
623 4285
509 4297
563 4219
55 4988
111 4019
411 4918
620 4095
9 4593
929 4553
307 4910
127 4997
14 4405
771 4275
222 4664
149 4426
160 4238
641 4948
302 4320
19 4347
807 4694
841 4447
229 4048
876 4590
147 4781
70 4272
711 4084
298 4064
868 4819
681 4555
155 4587
433 4502
835 4336
267 4913
894 4099
892 4254
638 4623
740 4041
672 4899
838 4533
151 4428
183 4362
828 4968
467 4857
358 4723
116 4132
588 4995
356 4798
866 4579
469 4966
596 4912
678 4467
700 4965
881 4287
90 4871
131 4444
773 4368
332 4288
13 4660
880 4392
98 4238
21 4790
762 4720
214 4171
391 4877
103 4019
264 4904
377 4563
306 4233
688 4500
685 4531
188 4052
227 4287
165 4873
159 4422
58 4966
331 4498
300 4138
532 4066
270 4756
170 4160
912 4807
834 4459
725 4789
694 4187
937 4349
665 4385
639 4133
123 4890
985 4302
244 4688
953 4083
294 4656
136 4447
995 4201
526 4666
961 4370
993 4426
555 4593
425 4906
267 4675
523 4404
548 4567
84 4598
765 4897
681 4350
18 4056
789 4221
85 4720
139 4510
326 4229
484 4684
382 4540
794 4101
218 4954
222 4113
886 4025
1000 4521
168 4382
701 4407
919 4349
565 4386
780 4296
62 4839
567 4410
267 4014
549 4190
153 4875
512 4950
651 4344
392 4893
828 4354
345 4421
502 4915
437 4071
560 4729
747 4068
461 4369
671 4574
931 4366
693 4533
833 4008
928 4988
741 4510
360 4968
252 4097
492 4932
691 4086
827 4295
518 4466
273 4504
775 4171
568 4127
689 4155
845 4459
133 4748
645 4683
37 4131
808 4998
263 4837
629 4674
941 4826
710 4990
995 4436
980 4862
192 4575
678 4258
728 4622
703 4454
80 4425
302 4991
604 4833
537 4235
431 4848
76 4230
169 4849
183 4772
109 4427
550 4619
427 4277
381 4660
251 4537
963 4541
236 4409
326 4225
892 4451
816 4539
16 4748
641 4581
454 4518
468 4091
945 4977
814 4446
341 4083
829 4610
948 4224
533 4240
313 4009
985 4497
386 4836
80 4168
963 4864
245 4709
313 4597
691 4200
131 4325
729 4924
512 4166
475 4200
37 4107
442 4085
950 4102
101 4937
344 4702
143 4902
4 4488
298 4026
790 4656
452 4510
406 4693
817 4054
374 4814
914 4243
830 4799
117 4554
717 4170
757 4402
97 4710
675 4641
201 4992
149 4468
416 4085
710 4633
452 4411
150 4813
944 4323
843 4189
215 4352
159 4726
363 4541
549 4579
557 4536
295 4019
325 4592
81 4022
92 4544
795 4843
919 4162
739 4300
919 4074
593 4964
79 4520
751 4439
806 4740
377 4918
6 4495
41 4901
548 4294
47 4862
1 4269
767 4306
576 4686
650 4539
81 4927
505 4658
741 4181
583 4706
235 4523
759 4882
651 4761
23 4836
465 4973
795 4159
339 4195
389 4260
302 4469
875 4499
871 4033
825 4772
206 4565
289 4893
895 4859
1000 4415
268 4317
939 4687
373 4168
169 4894
642 4568
171 4776
698 4280
937 4405
69 4127
247 4626
543 4097
280 4157
797 4771
298 4203
173 4364
499 4171
73 4325
129 4270
717 4232
128 4677
946 4544
991 4498
209 4716
388 4497
716 4227
114 4031
745 4983
752 4480
168 4450
436 4574
487 4313
48 4685
284 4019
259 4368
315 4353
59 4633
289 4675
241 4083
880 4799
981 4297
323 4657
941 4074
53 4386
752 4924
829 4713
536 4308
173 4610
159 4375
731 4776
488 4499
615 4292
898 4450
782 4948
65 4844
303 4882
37 4803
548 4051
815 4668
859 4130
177 4608
797 4184
821 4727
614 4821
961 4519
55 4716
673 4968
257 4400
125 4680
347 4856
69 4878
957 4445
419 4647
941 4318
56 4507
442 4096
393 4053
824 4928
747 4701
83 4108
285 4871
328 4237
293 4863
928 4390
837 4811
102 4570
23 4063
675 4327
535 4631
631 4508
376 4839
971 4292
386 4948
165 4752
931 4119
740 4223
115 4045
661 4878
292 4056
205 4565
369 4963
672 4767
390 4296
177 4424
337 4722
946 4485
184 4930
199 4085
147 4379
46 4209
147 4421
97 4741
675 4826
368 4220
310 4739
552 4822
138 4728
649 4105
795 4329
999 4529
858 4056
718 4015
47 4595
996 4435
749 4371
729 4058
638 4599
786 4134
502 4702
31 4057
380 4583
17 4952
870 4561
896 4448
557 4394
868 4025
673 4169
747 4381
766 4202
890 4895
807 4117
911 4036
801 4661
790 4467
980 4794
739 4389
229 4886
304 4035
839 4088
15 4634
156 4043
330 4889
439 4532
872 4604
995 4367
227 4144
17 4439
560 4854
966 4935
751 4628
267 4620
12 4727
513 4887
700 4816
861 4636
340 4786
768 4076
47 4456
50 4251
902 4151
624 4793
237 4687
620 4866
148 4433
388 4765
123 4632
301 4173
177 4255
585 4217
383 4327
598 4396
944 4926
266 4381
804 4422
20 4132
613 4459
469 4434
41 4155
862 4558
882 4740
19 4511
787 4855
865 4541
764 4438
956 4686
879 4263
956 4266
171 4822
145 4630
41 4308
405 4617
53 4482
736 4328
111 4237
610 4075
939 4111
740 4388
670 4497
288 4516
571 4947
66 4492
605 4376
455 4004
565 4522
902 4974
245 4994
35 4312
6 4380
99 4765
503 4516
501 4217
768 4467
822 4094
894 4351
440 4290
367 4431
284 4549
560 4779
389 4611
709 4979
887 4191
98 4254
824 4995
991 4520
158 4815
929 4168
257 4111
551 4631
770 4876
625 4873
507 4990
192 4745
209 4855
634 4479
600 4184
621 4657
222 4536
326 4387
995 4376
266 4014
439 4871
988 4962
605 4591
440 4940
478 4533
456 4038
217 4378
286 4258
529 4427
833 4004
240 4753
355 4763
115 4584
314 4118
781 4800
125 4719
864 4342
330 4257
353 4424
861 4169
308 4651
563 4254
377 4381
392 4545
933 4834
286 4315
539 4287
704 4945
4 4161
566 4465
797 4547
529 4698
352 4186
25 4310
390 4473
972 4375
12 4596
242 4450
571 4630
295 4390
268 4426
473 4428
739 4618
195 4596
259 4945
938 4340
363 4529
245 4224
680 4916
498 4432
379 4844
670 4053
36 4290
445 4986
231 4391
212 4090
310 4340
762 4718
695 4050
326 4083
176 4329
405 4246
952 4130
243 4080
623 4524
524 4296
528 4504
587 4675
758 4667
403 4508
262 4558
628 4380
996 4728
105 4153
272 4519
631 4751
209 4562
64 4511
42 4830
761 4259
813 4626
537 4701
894 4588
91 4458
17 4984
77 4562
719 4269
2 4277
724 4598
341 4830
876 4129
848 4687
744 4138
131 4360
891 4581
8 4960
115 4318
783 4503
772 4937
590 4593
278 4745
939 4748
898 4754
829 4468
824 4438
200 4436
766 4384
215 4652
396 4106
174 4073
371 4967
464 4663
319 4480
399 4455
74 4024
923 4713
700 4542
421 4329
176 4950
36 4386
16 4288
992 4484
739 4492
244 4453
638 4298
649 4056
129 4740
809 4521
379 4848
177 4133
489 4719
203 4729
139 4215
3 4090
471 4194
592 4206
251 4507
149 4381
373 4524
649 4570
941 4098
132 4080
357 4819
763 4429
175 4102
957 4471
16 4831
47 4226
380 4924
52 4245
18 4988
433 4313
337 4937
761 4591
323 4258
645 4228
633 4674
782 4734
559 4294
245 4796
50 4545
235 4768
199 4104
268 4835
133 4845
826 4069
590 4005
999 4298
850 4505
963 4243
789 4869
951 4394
42 4210
648 4972
552 4652
448 4933
972 4963
394 4141
662 4378
493 4093
272 4938
931 4192
45 4549
698 4033
991 4154
314 4985
284 4700
792 4245
889 4978
434 4642
695 4316
532 4201
373 4458
635 4376
38 4733
241 4815
133 4715
328 4838
14 4628
977 4831
655 4150
495 4127
631 4497
824 4932
821 4729
124 4111
428 4344
161 4399
382 4920
814 4009
574 4113
143 4489
675 4008
864 4359
442 4418
718 4747
898 4235
2 4808
430 4170
279 4584
182 4305
894 4411
968 4494
271 4071
518 4787
139 4543
527 4166
960 4884
858 4128
509 4701
351 4959
839 4510
241 4011
987 4289
362 4568
820 4840
477 4561
503 4399
74 4927
229 4202
997 4981
706 4466
464 4636
260 4975
34 4477
581 4397
776 4763
997 4663
363 4324
721 4893
418 4172
616 4245
673 4136
832 4058
122 4436
677 4288
731 4044
658 4467
265 4275
115 4947
484 4702
753 4577
594 4973
815 4423
104 4575
830 4833
366 4396
340 4622
363 4992
650 4429
961 4515
525 4799
25 4001
868 4289
890 4162
28 4495
647 4770
121 4496
231 4135
423 4213
537 4181
56 4151
286 4825
166 4771
137 4335
306 4215
821 4061
118 4418
415 4197
721 4269
540 4851
545 4988
963 4435
597 4235
886 4496
683 4505
125 4644
264 4015
339 4675
470 4469
213 4927
43 4408
177 4138
608 4798
59 4222
790 4870
798 4524
944 4841
729 4231
213 4770
839 4703
732 4908
260 4717
438 4415
460 4866
902 4931
502 4846
220 4129
578 4210
578 4877
583 4757
470 4381
488 4303
474 4142
704 4711
888 4363
683 4038
906 4077
262 4704
913 4706
898 4718
612 4886
845 4421
548 4626
658 4677
117 4727
770 4266
808 4985
515 4938
655 4724
576 4515
663 4176
553 4251
813 4877
916 4925
915 4830
212 4951
954 4269
777 4533
628 4202
824 4571
354 4467
869 4693
203 4155
862 4887
974 4395
193 4532
930 4729
129 4191
796 4611
629 4556
18 4627
506 4685
318 4296
994 4612
412 4289
28 4396
615 4657
518 4838
408 4025
753 4004
425 4705
868 4200
433 4365
172 4947
937 4632
810 4485
919 4225
964 4280
64 4552
889 4107
204 4680
303 4983
