15 4286.000000
C -320.000000 277.000000 4949.000000
C 378.000000 -84.000000 663.000000
C -190.000000 -927.000000 3498.000000
C -845.000000 -202.000000 5776.000000
P 46 -4442.000000 712.000000 -4442.004409 714.969365 -4442.070536 723.877198 -4442.357073 738.721142 -4443.128383 759.492037 -4444.754095 786.166069 -4447.708077 818.693822 -4452.566332 856.986267 -4460.003250 900.897813 -4470.785502 950.206630 -4485.762793 1004.592556 -4505.854591 1063.613101 -4532.031888 1126.678231 -4565.293082 1193.024926 -4606.633075 1261.692733 -4657.004881 1331.501947 -4717.273210 1401.036341 -4788.159907 1468.632760 -4870.181589 1532.380220 -4963.580458 1590.131392 -5068.250102 1639.529522 -5183.659018 1678.053796 -5308.775659 1703.085907 -5442.000000 1712.000000 -5581.107757 1702.277250 -5723.214500 1671.644937 -5864.767765 1618.238058 -6001.575778 1540.779192 -6128.881325 1438.769596 -6241.488500 1312.681395 -6333.948245 1164.137511 -6400.805678 996.062796 -6436.908012 812.787136 -6437.766348 620.079494 -6399.957965 425.091413 -6321.548123 236.190059 -6202.502380 62.664855 -6045.052720 -85.701333 -5853.974376 -199.195431 -5636.726269 -268.857625 -5403.407786 -287.255043 -5166.489506 -249.298064 -4940.286615 -153.033918 -4740.161807 -0.336403 -4581.469662 202.600808 -4478.285833 445.063671
C -401.000000 944.000000 7476.000000
C -669.000000 425.000000 9803.000000
C -225.000000 -98.000000 5196.000000
C -529.000000 -290.000000 5271.000000
P 105 5760.000000 8938.000000 5759.999838 8938.569903 5759.997402 8940.279612 5759.986846 8943.129108 5759.958427 8947.118329 5759.898505 8952.247104 5759.789544 8958.515084 5759.610115 8965.921639 5759.334904 8974.465733 5758.934716 8984.145785 5758.376490 8994.959498 5757.623317 9006.903676 5756.634468 9019.974008 5755.365422 9034.164842 5753.767919 9049.468932 5751.790014 9065.877162 5749.376148 9083.378254 5746.467244 9101.958461 5743.000808 9121.601228 5738.911070 9142.286850 5734.129133 9163.992107 5728.583161 9186.689887 5722.198594 9210.348793 5714.898396 9234.932744 5706.603335 9260.400567 5697.232317 9286.705584 5686.702741 9313.795197 5674.930918 9341.610475 5661.832526 9370.085749 5647.323123 9399.148214 5631.318704 9428.717552 5613.736321 9458.705573 5594.494756 9489.015882 5573.515247 9519.543586 5550.722282 9550.175034 5526.044443 9580.787610 5499.415309 9611.249583 5470.774419 9641.420020 5440.068289 9671.148773 5407.251474 9700.276544 5372.287686 9728.635054 5335.150951 9756.047299 5295.826795 9782.327926 5254.313468 9807.283726 5210.623179 9830.714261 5164.783343 9852.412623 5116.837823 9872.166349 5066.848152 9889.758484 5014.894721 9904.968811 4961.077921 9917.575250 4905.519215 9927.355426 4848.362115 9934.088418 4789.773054 9937.556684 4729.942122 9937.548160 4669.083645 9933.858532 4607.436574 9926.293682 4545.264673 9914.672278 4482.856461 9898.828527 4420.524893 9878.615039 4358.606751 9853.905814 4297.461710 9824.599306 4237.471065 9790.621553 4179.036093 9751.929320 4122.576010 9708.513243 4068.525540 9660.400907 4017.332038 9607.659838 3969.452190 9550.400327 3925.348265 9488.778069 3885.483923 9422.996527 3850.319585 9353.308973 3820.307379 9280.020143 3795.885681 9203.487437 3777.473281 9124.121591 3765.463222 9042.386767 3760.216343 8958.799975 3762.054607 8873.929780 3771.254274 8788.394220 3788.038999 8702.857887 3812.572961 8618.028117 3844.954110 8534.650252 3885.207664 8453.501941 3933.279971 8375.386462 3989.032865 8301.125070 4052.238675 8231.548369 4122.576010 8167.486757 4199.626486 8109.759984 4282.872543 8059.165892 4371.696496 8016.468455 4465.380975 7982.385208 4563.110878 7957.574239 4663.976974 7942.620887 4766.981260 7938.024369 4871.044158 7944.184527 4975.013623 7961.388951 5077.676193 7989.800740 5177.769991 8029.447176 5273.999629 8080.209594 5365.052962 8141.814774 5449.619544 8213.828139 5526.410646 8295.649066 5594.180594 8386.508626 5651.749179 8485.469999 5698.024795 8591.431848 5732.027965 8703.134858 5752.914808 8819.171622
C 480.000000 -924.000000 2507.000000
C 353.000000 228.000000 490.000000
C 832.000000 -960.000000 4547.000000
C -167.000000 161.000000 6261.000000
P 58 -4092.000000 -2925.000000 -4092.001744 -2923.132229 -4092.027908 -2917.528981 -4092.141284 -2908.190843 -4092.446504 -2895.120095 -4093.089981 -2878.322664 -4094.259743 -2857.810861 -4096.185109 -2833.606878 -4099.136093 -2805.747065 -4103.422450 -2774.286933 -4109.392213 -2739.306875 -4117.429581 -2700.918543 -4127.952007 -2659.271819 -4141.406284 -2614.562266 -4158.263481 -2567.038951 -4179.012506 -2517.012456 -4204.152145 -2464.862861 -4234.181382 -2411.047455 -4269.587866 -2356.107847 -4310.834412 -2300.676106 -4358.343462 -2245.479519 -4412.479519 -2191.343462 -4473.529633 -2139.191878 -4541.682131 -2090.044766 -4617.003897 -2045.012101 -4699.416648 -2005.283570 -4788.672833 -1972.113527 -4884.331910 -1946.800652 -4985.737992 -1930.661835 -5092.000000 -1925.000000 -5201.975652 -1931.065718 -5314.260791 -1950.012748 -5427.185669 -1982.847907 -5538.819887 -2030.376063 -5646.987723 -2093.141462 -5749.295485 -2171.367035 -5843.172356 -2264.893879 -5925.925910 -2373.123586 -5994.812985 -2494.966613 -6047.126042 -2628.800331 -6080.294328 -2772.440759 -6091.998256 -2923.132229 -6080.294328 -3077.559241 -6043.746735 -3231.884592 -5981.560519 -3381.817342 -5893.709906 -3522.713331 -5781.054253 -3649.709760 -5645.433034 -3757.893677 -5489.730624 -3842.502235 -5317.901340 -3899.150186 -5134.945546 -3924.077414 -4946.828583 -3914.406519 -4760.336112 -3868.397618 -4582.862127 -3785.684975 -4422.129446 -3667.477906 -4285.846941 -3516.707060 -4181.312910 -3338.096870 -4114.979632 -3138.145962
-7229.000000 3521.000000
