11 2355.000000
P 29 8561.000000 4246.000000 8560.972092 4253.471019 8560.553496 4275.879905 8558.740257 4313.189139 8553.863907 4365.252935 8543.607787 4431.693125 8525.047993 4511.728181 8494.736519 4603.961049 8448.847855 4706.137139 8383.412134 4814.892153 8294.656538 4925.520481 8179.470367 5031.808122 8035.996103 5125.987899 7864.327167 5198.886473 7667.262008 5240.338165 7451.024348 5239.934282 7225.814331 5188.152093 7006.012277 5077.858538 6809.827644 4906.106121 6658.187015 4676.033387 6572.705672 4398.559241 6572.705672 4093.440759 6671.439481 3789.182658 6871.945747 3521.290240 7163.269376 3328.497765 7518.054454 3246.922586 7892.663888 3302.602382 8230.870554 3503.522094 8471.687090 3832.903130
C 385.000000 871.000000 4120.000000
P 32 -2392.000000 5410.000000 -2392.018825 5416.135885 -2392.301181 5434.541229 -2393.524419 5465.195244 -2396.815273 5508.017140 -2403.742432 5562.797185 -2416.297870 5629.101240 -2436.858832 5706.150888 -2468.120467 5792.683432 -2512.987774 5886.799230 -2574.415187 5985.808191 -2655.183431 6086.092704 -2757.606716 6183.010453 -2883.169857 6270.866939 -3032.104963 6342.992799 -3202.931336 6391.963869 -3392.000000 6410.000000 -3593.104635 6389.569766 -3797.241314 6324.209756 -3992.616479 6209.537269 -4165.010453 6044.393284 -4298.595705 5832.000271 -4377.277642 5580.961889 -4386.564571 5305.878366 -4315.879533 5027.316568 -4161.103338 4770.875555 -3926.997620 4565.146435 -3629.023606 4438.496109 -3293.982860 4414.815273 -2958.906181 4508.651153 -2667.752917 4720.459455 -2465.789758 5032.992590
C -562.000000 923.000000 2144.000000
P 15 -6683.000000 4480.000000 -6683.389885 4507.921639 -6689.232081 4591.468932 -6714.416839 4728.689887 -6781.167474 4912.085749 -6916.955557 5122.787610 -7147.173205 5324.327926 -7481.922079 5459.575250 -7897.735327 5456.672278 -8320.423990 5250.513243 -8622.692621 4822.020143 -8654.961001 4244.857887 -8320.423990 3709.486757 -7676.018740 3480.024369 -6993.380456 3755.828139
C -268.000000 -46.000000 7396.000000
C -329.000000 10.000000 5023.000000
C -710.000000 507.000000 335.000000
C -114.000000 -706.000000 2546.000000
C -400.000000 18.000000 4669.000000
C -377.000000 26.000000 7154.000000
-7829.000000 -8013.000000
