12 5179.000000
C -822.000000 -524.000000 8249.000000
C 20.000000 -535.000000 4546.000000
C -995.000000 -429.000000 249.000000
P 181 9847.000000 -2622.000000 9846.999982 -2621.808211 9846.999706 -2621.232846 9846.998510 -2620.273904 9846.995292 -2618.931388 9846.988505 -2617.205304 9846.976165 -2615.095666 9846.955843 -2612.602498 9846.924670 -2609.725840 9846.879336 -2606.465751 9846.816091 -2602.822319 9846.730743 -2598.795666 9846.618660 -2594.385957 9846.474768 -2589.593407 9846.293558 -2584.418293 9846.069078 -2578.860963 9845.794942 -2572.921850 9845.464323 -2566.601479 9845.069963 -2559.900486 9844.604168 -2552.819628 9844.058814 -2545.359799 9843.425348 -2537.522045 9842.694790 -2529.307582 9841.857738 -2520.717811 9840.904369 -2511.754338 9839.824446 -2502.418988 9838.607325 -2492.713832 9837.241953 -2482.641200 9835.716881 -2472.203707 9834.020269 -2461.404271 9832.139894 -2450.246138 9830.063157 -2438.732901 9827.777095 -2426.868531 9825.268390 -2414.657390 9822.523381 -2402.104267 9819.528078 -2389.214396 9816.268174 -2375.993483 9812.729062 -2362.447734 9808.895849 -2348.583879 9804.753378 -2334.409201 9800.286241 -2319.931560 9795.478807 -2305.159422 9790.315241 -2290.101889 9784.779525 -2274.768719 9778.855489 -2259.170361 9772.526837 -2243.317977 9765.777172 -2227.223471 9758.590035 -2210.899515 9750.948930 -2194.359576 9742.837364 -2177.617938 9734.238885 -2160.689735 9725.137116 -2143.590964 9715.515800 -2126.338517 9705.358844 -2108.950202 9694.650362 -2091.444759 9683.374725 -2073.841884 9671.516609 -2056.162248 9659.061050 -2038.427510 9645.993495 -2020.660333 9632.299862 -2002.884400 9617.966598 -1985.124419 9602.980736 -1967.406136 9587.329965 -1949.756337 9571.002692 -1932.202855 9553.988108 -1914.774566 9536.276259 -1897.501388 9517.858117 -1880.414275 9498.725653 -1863.545207 9478.871912 -1846.927173 9458.291088 -1830.594158 9436.978602 -1814.581119 9414.931183 -1798.923958 9392.146945 -1783.659491 9368.625468 -1768.825416 9344.367881 -1754.460265 9319.376943 -1740.603367 9293.657125 -1727.294790 9267.214692 -1714.575285 9240.057783 -1702.486227 9212.196495 -1691.069541 9183.642959 -1680.367631 9154.411419 -1670.423298 9124.518313 -1661.279652 9093.982338 -1652.980018 9062.824532 -1645.567836 9031.068334 -1639.086551 8998.739655 -1633.579504 8965.866935 -1629.089807 8932.481203 -1625.660217 8898.616125 -1623.333001 8864.308054 -1622.149796 8829.596066 -1622.151460 8794.521996 -1623.377920 8759.130463 -1625.868009 8723.468888 -1629.659300 8687.587506 -1634.787937 8651.539363 -1641.288452 8615.380312 -1649.193586 8579.168989 -1658.534095 8542.966787 -1669.338567 8506.837814 -1681.633216 8470.848841 -1695.441688 8435.069231 -1710.784854 8399.570868 -1727.680610 8364.428057 -1746.143665 8329.717423 -1766.185338 8295.517786 -1787.813350 8261.910027 -1811.031614 8228.976932 -1835.840037 8196.803029 -1862.234314 8165.474398 -1890.205730 8135.078477 -1919.740970 8105.703836 -1950.821933 8077.439949 -1983.425550 8050.376941 -2017.523614 8024.605316 -2053.082621 8000.215677 -2090.063622 7977.298419 -2128.422082 7955.943416 -2168.107762 7936.239679 -2209.064608 7918.275013 -2251.230666 7902.135649 -2294.538005 7887.905863 -2338.912670 7875.667586 -2384.274650 7865.499998 -2430.537872 7857.479110 -2477.610219 7851.677340 -2525.393570 7848.163074 -2573.783877 7847.000225 -2622.671260 7848.247787 -2671.940140 7851.959378 -2721.469399 7858.182790 -2771.132573 7866.959530 -2820.798082 7878.324376 -2870.329489 7892.304923 -2919.585802 7908.921147 -2968.421803 7928.184975 -3016.688422 7950.099868 -3064.233144 7974.660419 -3110.900456 8001.851970 -3156.532326 8031.650250 -3200.968726 8064.021040 -3244.048188 8098.919863 -3285.608400 8136.291704 -3325.486829 8176.070772 -3363.521390 8218.180291 -3399.551139 8262.532336 -3433.417001 8309.027716 -3464.962527 8357.555898 -3494.034673 8407.994993 -3520.484615 8460.211783 -3544.168572 8514.061817 -3564.948655 8569.389561 -3582.693731 8626.028609 -3597.280290 8683.801968 -3608.593332 8742.522400 -3616.527240 8801.992842 -3620.986664 8862.006892 -3621.887390 8922.349372 -3619.157195 8982.796961 -3612.736688 9043.118905 -3602.580122 9103.077799 -3588.656175 9162.430446 -3570.948699 9220.928789 -3549.457417 9278.320913 -3524.198576 9334.352119 -3495.205538 9388.766066 -3462.529315 9441.305978 -3426.239022 9491.715914 -3386.422259 9539.742086 -3343.185414 9585.134247 -3296.653862 9627.647106 -3246.972076 9667.041794 -3194.303639 9703.087367 -3138.831133 9735.562322 -3080.755926 9764.256144 -3020.297835 9788.970854 -2957.694668 9809.522558 -2893.201631 9825.742990 -2827.090614 9837.481024 -2759.649340 9844.604168 -2691.180372
C 191.000000 606.000000 585.000000
C -38.000000 106.000000 8443.000000
C -787.000000 608.000000 2164.000000
C 62.000000 -466.000000 5704.000000
P 34 4210.000000 8803.000000 4209.985229 8808.435255 4209.763671 8824.739413 4208.803776 8851.898026 4206.220970 8889.854928 4200.782232 8938.464268 4190.917600 8997.423922 4174.743627 9066.191441 4150.105041 9143.884895 4114.641829 9229.172690 4065.889403 9320.158902 4001.419229 9414.273756 3919.025830 9508.182510 3816.963162 9597.729967 3694.228493 9677.941579 3550.884895 9743.105041 3388.404095 9786.957306 3210.000000 9803.000000 3020.910487 9784.959855 2828.572307 9727.398677 2642.623629 9626.458592 2474.663706 9480.702394 2337.703250 9291.976870 2245.256373 9066.191441 2210.059084 8813.870349 2242.452391 8550.311209 2348.539469 8295.175470 2528.310876 8071.358053 2774.018717 7903.044267 3069.152579 7812.968685 3388.404095 7819.042694 3698.976870 7930.703250 3963.480016 8145.529190 4144.421896 8446.831894
P 7 104.000000 -3371.000000 95.790014 -3243.122838 -24.681296 -2880.282448 -491.216657 -2456.587377 -1358.538290 -2484.400694 -1893.945393 -3435.070220 -992.023026 -4366.379113
C 995.000000 917.000000 7663.000000
C 51.000000 456.000000 7152.000000
-3192.000000 -623.000000
