100 100
89 0
91 1
6 0
38 1
1 1
83 0
23 1
49 0
53 0
60 0
51 0
92 1
18 1
82 1
39 1
34 0
61 1
32 1
84 0
70 1
86 0
8 0
97 1
50 0
67 0
5 0
33 0
71 1
3 1
54 1
98 1
73 1
74 1
25 1
100 1
72 0
88 0
35 1
63 1
43 1
27 1
20 1
85 0
22 0
58 0
24 1
11 0
87 0
10 1
90 1
46 0
29 0
96 0
65 0
81 0
68 0
64 0
45 0
93 0
55 1
62 1
21 0
7 1
52 1
56 0
44 0
79 0
12 1
57 1
9 0
2 1
40 1
31 0
13 0
30 0
99 0
75 1
80 1
19 0
95 0
66 0
69 0
59 1
4 0
77 0
78 0
15 0
16 1
36 1
42 0
17 1
47 0
76 1
48 0
14 0
28 0
26 1
94 0
41 1
37 1
