1000 700
100 1
32 1
79 0
5 0
50 1
83 1
39 0
2 1
23 0
66 1
10 1
30 1
62 0
93 0
85 1
54 0
7 1
77 0
51 1
42 0
84 1
71 1
94 1
72 0
95 1
56 0
74 1
99 1
17 0
12 0
29 1
38 0
6 1
89 0
53 1
60 1
25 0
67 1
33 0
14 1
15 1
9 1
98 0
49 1
31 1
20 1
92 1
35 1
21 1
24 0
46 0
57 1
48 1
86 1
26 0
45 1
11 0
73 0
43 0
13 1
37 1
41 1
75 0
63 1
18 1
88 1
27 0
97 1
96 0
69 1
1 0
70 1
68 1
59 0
76 0
52 0
58 0
40 0
80 1
78 0
3 1
55 0
65 0
87 0
90 0
4 0
8 1
82 0
19 1
22 0
28 1
61 0
34 0
91 1
81 0
47 0
16 0
44 1
64 1
36 0
101 0
102 1
103 0
104 1
105 0
106 1
107 1
108 0
109 1
110 1
111 1
112 0
113 1
114 1
115 1
116 0
117 0
118 1
119 1
120 1
121 1
122 1
123 0
124 0
125 0
126 0
127 1
128 1
129 0
130 1
131 0
132 1
133 0
134 0
135 0
136 0
137 1
138 0
139 0
140 0
141 0
142 0
143 1
144 1
145 1
146 0
147 1
148 0
149 0
150 0
151 0
152 0
153 1
154 0
155 1
156 0
157 1
158 0
159 1
160 1
161 0
162 1
163 1
164 0
165 0
166 1
167 0
168 1
169 0
170 0
171 1
172 0
173 0
174 1
175 1
176 0
177 0
178 1
179 1
180 0
181 1
182 0
183 1
184 0
185 0
186 1
187 0
188 0
189 0
190 1
191 0
192 1
193 1
194 0
195 1
196 0
197 0
198 0
199 1
200 0
201 1
202 0
203 1
204 0
205 0
206 0
207 1
208 0
209 1
210 0
211 1
212 0
213 0
214 1
215 1
216 1
217 1
218 1
219 1
220 1
221 0
222 1
223 0
224 0
225 1
226 1
227 0
228 0
229 0
230 1
231 0
232 1
233 1
234 1
235 1
236 1
237 1
238 1
239 1
240 1
241 0
242 0
243 0
244 0
245 1
246 0
247 0
248 1
249 0
250 1
251 0
252 0
253 1
254 0
255 1
256 1
257 0
258 0
259 0
260 1
261 0
262 1
263 1
264 0
265 0
266 1
267 0
268 1
269 0
270 0
271 1
272 1
273 0
274 1
275 0
276 0
277 1
278 0
279 1
280 0
281 0
282 0
283 1
284 0
285 0
286 0
287 1
288 1
289 1
290 0
291 0
292 1
293 0
294 0
295 0
296 1
297 0
298 1
299 0
300 0
301 1
302 1
303 0
304 0
305 0
306 1
307 1
308 0
309 1
310 1
311 0
312 0
313 0
314 1
315 1
316 0
317 1
318 1
319 0
320 1
321 0
322 0
323 0
324 0
325 0
326 0
327 0
328 0
329 0
330 1
331 0
332 1
333 1
334 0
335 1
336 1
337 0
338 0
339 1
340 1
341 0
342 1
343 1
344 1
345 0
346 1
347 1
348 1
349 1
350 1
351 1
352 0
353 1
354 0
355 0
356 0
357 0
358 0
359 0
360 1
361 0
362 0
363 0
364 1
365 1
366 1
367 1
368 0
369 0
370 1
371 0
372 0
373 0
374 1
375 0
376 1
377 0
378 1
379 1
380 1
381 1
382 0
383 0
384 1
385 1
386 0
387 0
388 1
389 0
390 0
391 1
392 0
393 1
394 0
395 1
396 0
397 1
398 0
399 1
400 0
401 0
402 0
403 1
404 1
405 1
406 0
407 0
408 0
409 0
410 1
411 1
412 0
413 1
414 0
415 1
416 0
417 0
418 0
419 1
420 0
421 0
422 0
423 1
424 1
425 1
426 1
427 1
428 1
429 1
430 1
431 0
432 1
433 1
434 0
435 0
436 1
437 1
438 0
439 0
440 0
441 1
442 1
443 1
444 1
445 0
446 1
447 1
448 1
449 1
450 1
451 1
452 0
453 0
454 0
455 0
456 1
457 1
458 0
459 0
460 1
461 1
462 0
463 1
464 0
465 1
466 0
467 0
468 1
469 0
470 0
471 0
472 1
473 0
474 1
475 0
476 0
477 0
478 1
479 0
480 1
481 1
482 0
483 1
484 0
485 0
486 1
487 1
488 0
489 0
490 1
491 1
492 0
493 0
494 1
495 1
496 0
497 0
498 1
499 1
500 0
501 0
502 1
503 0
504 1
505 1
506 0
507 1
508 1
509 1
510 0
511 1
512 0
513 0
514 0
515 1
516 1
517 0
518 1
519 1
520 0
521 1
522 0
523 0
524 1
525 0
526 0
527 1
528 1
529 1
530 0
531 1
532 1
533 1
534 1
535 1
536 1
537 0
538 0
539 0
540 1
541 1
542 0
543 0
544 0
545 1
546 0
547 0
548 1
549 0
550 1
551 1
552 0
553 1
554 0
555 1
556 0
557 1
558 1
559 0
560 0
561 0
562 1
563 1
564 1
565 1
566 1
567 1
568 1
569 1
570 0
571 1
572 0
573 0
574 1
575 1
576 0
577 1
578 1
579 1
580 1
581 0
582 1
583 1
584 1
585 0
586 0
587 0
588 0
589 0
590 0
591 1
592 0
593 0
594 1
595 1
596 0
597 0
598 0
599 0
600 0
601 0
602 0
603 0
604 0
605 1
606 1
607 1
608 1
609 0
610 1
611 1
612 1
613 0
614 0
615 0
616 0
617 0
618 1
619 0
620 1
621 1
622 1
623 1
624 1
625 0
626 0
627 0
628 0
629 0
630 0
631 1
632 0
633 1
634 1
635 0
636 1
637 0
638 0
639 0
640 0
641 0
642 1
643 1
644 0
645 0
646 0
647 0
648 0
649 1
650 1
651 1
652 1
653 0
654 0
655 1
656 1
657 1
658 1
659 0
660 0
661 1
662 0
663 0
664 0
665 0
666 0
667 0
668 1
669 0
670 0
671 0
672 0
673 1
674 1
675 0
676 0
677 1
678 1
679 0
680 0
681 1
682 1
683 0
684 0
685 0
686 1
687 0
688 0
689 1
690 0
691 1
692 1
693 1
694 0
695 0
696 1
697 1
698 1
699 1
700 1
701 0
702 1
703 1
704 0
705 0
706 0
707 0
708 1
709 0
710 0
711 1
712 1
713 1
714 0
715 0
716 1
717 0
718 0
719 1
720 1
721 0
722 0
723 1
724 0
725 0
726 1
727 1
728 0
729 1
730 0
731 0
732 0
733 1
734 1
735 0
736 0
737 1
738 1
739 1
740 0
741 1
742 1
743 1
744 0
745 0
746 1
747 1
748 1
749 1
750 1
751 1
752 1
753 1
754 1
755 0
756 1
757 0
758 0
759 0
760 0
761 0
762 1
763 0
764 1
765 1
766 0
767 1
768 1
769 1
770 0
771 0
772 1
773 0
774 1
775 0
776 1
777 1
778 0
779 0
780 0
781 0
782 0
783 1
784 0
785 1
786 1
787 0
788 0
789 1
790 0
791 1
792 1
793 1
794 1
795 0
796 0
797 0
798 0
799 0
800 1
801 0
802 1
803 1
804 0
805 1
806 0
807 0
808 0
809 0
810 0
811 1
812 1
813 0
814 1
815 0
816 0
817 1
818 1
819 0
820 1
821 1
822 1
823 0
824 1
825 1
826 0
827 0
828 0
829 1
830 1
831 1
832 1
833 1
834 0
835 0
836 1
837 0
838 0
839 1
840 1
841 1
842 0
843 1
844 1
845 0
846 0
847 1
848 0
849 0
850 0
851 0
852 0
853 0
854 1
855 0
856 0
857 1
858 1
859 0
860 1
861 1
862 1
863 1
864 0
865 1
866 1
867 1
868 1
869 1
870 0
871 0
872 0
873 1
874 0
875 1
876 1
877 1
878 1
879 0
880 1
881 1
882 0
883 1
884 1
885 0
886 1
887 0
888 0
889 0
890 0
891 0
892 0
893 0
894 0
895 0
896 1
897 1
898 1
899 0
900 0
1000 0
999 0
998 1
997 1
996 0
995 0
994 0
993 1
992 1
991 0
990 1
989 1
988 1
987 1
986 1
985 0
984 0
983 0
982 1
981 0
980 1
979 1
978 0
977 0
976 0
975 0
974 0
973 1
972 1
971 0
970 1
969 0
968 1
967 0
966 0
965 1
964 0
963 1
962 0
961 0
960 1
959 1
958 0
957 1
956 1
955 1
954 1
953 1
952 0
951 0
950 0
949 1
948 0
947 0
946 0
945 0
944 1
943 1
942 1
941 0
940 1
939 0
938 1
937 1
936 1
935 0
934 0
933 1
932 1
931 1
930 0
929 0
928 1
927 0
926 0
925 0
924 1
923 1
922 0
921 0
920 1
919 0
918 1
917 0
916 0
915 0
914 1
913 1
912 0
911 1
910 1
909 0
908 0
907 0
906 0
905 0
904 1
903 1
902 1
901 1
