999 123
999 0
997 1
996 1
998 1
995 0
994 1
992 1
993 1
991 1
990 1
988 1
989 1
987 1
986 1
984 0
985 0
18 1
983 0
982 1
980 1
981 1
97 0
979 1
978 1
977 1
976 1
975 1
973 1
974 0
972 0
971 1
22 1
970 1
969 0
968 1
966 1
967 1
965 1
964 1
963 1
25 1
962 1
961 0
959 1
92 1
960 0
958 1
956 1
957 1
955 1
953 1
954 1
62 1
951 1
952 1
950 1
949 1
948 1
946 1
9 1
945 1
944 1
947 1
943 0
942 0
941 0
74 1
940 1
939 1
938 1
937 1
39 1
81 1
936 1
48 1
934 1
935 0
932 1
933 1
931 1
929 0
928 1
930 0
927 1
926 0
925 1
923 1
924 1
921 0
922 1
70 0
920 1
918 1
919 1
917 0
916 1
915 1
914 0
912 1
911 1
913 1
909 1
910 1
908 1
906 1
905 1
907 1
904 1
903 0
64 1
901 1
900 0
899 0
902 1
898 1
896 1
897 1
895 1
894 1
892 1
893 1
891 0
890 1
888 1
887 1
889 1
886 1
885 1
884 1
883 0
51 1
82 1
882 1
880 1
879 1
881 0
878 0
876 1
877 1
874 1
875 1
873 1
872 1
871 1
870 1
869 1
868 1
866 1
865 1
867 1
864 1
863 0
862 1
861 0
859 1
860 0
858 1
857 1
855 1
856 1
854 1
853 1
852 1
112 1
850 0
851 0
95 0
848 0
849 1
846 1
847 1
845 1
844 1
843 0
841 1
842 1
840 1
839 1
838 1
837 0
836 1
835 1
834 1
832 1
833 1
77 1
831 1
830 1
829 0
827 0
828 1
826 1
825 1
824 1
822 1
821 0
820 1
823 0
819 1
818 1
817 1
816 1
67 1
814 1
815 0
813 1
34 1
812 1
122 0
810 1
811 1
809 1
808 1
806 1
807 0
804 0
805 1
802 1
803 1
76 1
801 1
800 1
799 0
798 1
797 1
796 1
795 0
794 1
793 0
792 1
791 1
790 1
789 1
787 1
788 0
105 1
786 0
785 1
783 1
784 1
782 0
84 1
780 1
779 0
781 1
777 0
778 0
776 1
775 1
774 1
773 1
772 1
770 1
771 0
768 1
767 1
769 0
766 1
764 1
765 1
762 0
761 1
763 1
760 0
759 1
758 0
21 1
757 1
756 1
755 1
754 1
80 1
35 1
752 1
753 0
751 0
749 1
750 1
748 1
746 1
747 0
745 1
744 0
114 1
743 1
124 0
742 1
740 1
741 1
63 1
738 1
739 1
69 1
737 0
736 0
735 1
734 1
119 1
733 1
732 0
731 1
730 1
729 1
727 1
728 1
726 0
16 0
725 0
723 1
724 1
722 0
58 0
721 1
720 1
719 1
718 1
717 1
87 1
716 1
715 1
713 0
712 1
714 1
2 1
710 1
711 0
709 1
707 0
47 1
708 1
705 0
704 0
703 0
706 1
701 1
702 1
700 0
698 1
697 1
699 1
696 1
695 0
55 1
694 1
693 1
24 0
691 1
692 1
689 1
690 1
688 0
687 0
686 1
111 1
685 0
684 0
683 1
682 1
681 1
680 1
679 1
677 1
678 1
115 1
675 0
676 1
674 0
673 1
45 0
672 1
671 1
670 1
669 1
668 1
667 1
666 1
665 1
664 1
662 1
661 1
663 1
659 1
660 1
10 0
657 1
658 1
656 1
655 0
653 1
652 1
654 0
651 0
650 1
649 0
6 1
648 1
108 1
647 1
100 1
646 1
645 1
79 1
644 1
643 1
641 0
642 0
59 1
640 1
3 1
639 1
638 0
637 0
636 0
635 1
634 1
46 1
632 1
633 1
94 1
631 1
630 1
628 1
627 1
626 1
625 0
629 0
90 0
624 0
8 1
623 1
622 1
109 1
620 1
621 0
618 1
617 1
619 1
615 1
616 1
614 1
613 0
612 0
611 0
609 1
608 1
610 0
607 0
606 0
604 1
605 0
603 1
602 1
601 1
600 1
599 0
598 0
597 0
595 1
594 1
596 0
593 1
592 1
38 1
590 1
591 0
44 0
589 1
88 1
588 1
586 1
585 1
587 1
584 0
583 1
582 1
580 1
581 1
579 1
577 0
578 1
31 1
85 0
576 0
575 0
574 1
573 0
572 0
19 1
571 0
570 1
568 1
567 1
566 1
565 1
569 1
564 1
563 0
120 1
561 1
562 1
121 1
560 1
123 1
559 1
557 1
558 1
556 0
554 1
553 0
56 0
552 1
71 1
551 0
126 0
555 1
550 1
549 1
547 1
5 1
546 1
545 1
548 0
544 1
543 1
542 0
541 1
539 1
540 1
537 1
538 1
536 0
535 1
534 1
533 1
532 1
531 0
530 1
528 1
72 1
529 1
527 1
526 1
525 1
523 0
524 1
521 1
522 1
66 1
93 0
519 1
518 1
520 1
517 1
516 0
515 1
513 0
514 1
512 1
511 1
509 0
510 1
508 1
13 0
507 1
506 0
504 1
505 1
503 0
501 1
500 1
37 1
499 1
502 0
68 1
497 0
498 1
495 0
494 1
496 1
493 0
492 1
491 1
490 1
489 1
487 1
488 1
486 1
485 0
483 1
484 0
481 0
480 1
479 0
478 1
99 1
482 0
477 1
7 1
476 1
474 0
473 0
475 0
472 1
117 1
471 0
125 1
470 0
468 1
469 1
467 1
465 0
466 1
464 1
462 1
463 1
32 0
461 1
460 0
459 0
102 1
458 1
457 1
455 0
456 1
1 0
30 1
453 1
454 1
452 1
451 0
449 1
448 1
450 1
446 1
447 0
445 1
443 1
442 1
43 1
444 1
441 1
439 1
440 1
438 1
437 0
436 1
435 1
434 1
433 0
60 0
431 1
432 1
429 0
430 1
428 1
426 1
427 1
425 0
424 1
20 1
423 1
422 1
420 1
421 1
419 0
98 1
418 1
17 0
417 0
416 1
415 1
414 1
413 0
116 1
412 1
410 1
411 1
409 1
408 1
407 1
406 1
405 0
404 1
403 0
402 1
401 1
78 1
400 0
399 1
397 1
396 1
398 1
395 0
393 1
394 1
392 1
391 1
4 0
389 1
390 1
388 1
107 1
387 0
11 0
385 1
384 1
386 1
383 0
381 1
380 1
382 1
379 1
378 1
377 1
376 0
36 0
374 1
373 0
372 1
371 1
375 0
370 1
368 0
369 1
53 0
367 1
366 0
365 1
57 1
42 1
364 1
363 1
86 1
361 1
360 1
362 1
359 1
357 1
358 1
356 1
118 1
355 1
354 1
15 0
353 1
352 0
350 1
351 0
349 1
348 1
347 1
345 1
346 1
344 1
343 1
342 0
340 0
341 1
339 0
338 1
337 1
335 1
334 1
333 0
336 1
332 0
331 1
330 1
54 0
12 1
329 1
328 0
327 1
325 1
326 1
324 1
323 1
322 1
320 1
321 1
319 0
318 1
317 1
316 1
315 1
314 0
312 1
311 0
310 1
313 1
309 1
307 1
308 1
305 1
304 1
306 1
303 1
301 1
302 1
300 1
299 1
298 1
297 1
296 1
295 1
293 0
292 0
294 1
290 1
289 0
291 0
89 0
288 1
287 1
285 1
284 0
286 1
283 1
96 1
282 0
23 1
281 1
280 0
278 1
277 1
279 1
276 1
275 1
274 0
273 1
272 0
104 1
271 0
270 0
269 0
73 1
268 0
29 0
50 1
267 1
103 1
33 1
265 1
266 0
264 1
263 0
262 0
261 1
259 0
260 1
258 1
110 1
257 0
255 0
256 1
254 1
91 1
253 1
252 0
101 1
251 1
250 1
52 1
248 1
247 1
249 0
245 1
244 0
246 1
243 1
242 1
241 1
26 1
240 0
106 1
239 0
237 1
236 1
238 0
235 1
233 1
234 1
28 1
232 1
231 0
229 1
230 1
228 1
227 1
226 1
225 1
224 1
75 1
222 1
221 0
220 1
223 1
219 0
218 1
217 1
216 1
215 1
213 0
212 1
211 1
214 1
210 1
209 1
208 1
206 1
207 0
205 0
204 1
203 1
202 0
200 1
201 1
199 0
197 1
198 0
196 1
195 1
194 1
193 0
192 1
191 1
190 1
189 1
188 0
187 1
186 1
185 0
49 1
184 0
14 1
183 1
182 1
180 1
181 1
179 0
178 1
177 1
175 1
174 1
173 1
176 0
172 1
171 1
169 1
170 1
167 1
168 0
166 0
165 1
163 1
164 1
162 1
161 1
159 0
160 1
158 1
157 1
40 0
155 1
154 1
156 0
83 1
153 1
152 0
151 1
150 1
149 0
148 1
147 0
65 1
145 1
146 0
144 1
143 0
113 1
61 0
142 1
141 1
140 0
138 0
139 1
137 1
27 1
41 1
135 1
136 1
134 0
133 1
132 1
131 1
130 0
129 1
128 1
127 1
