1000000 5000
925529 52031 74
509048 32505 24
23989 254715 2
558004 296707 53
993025 4761 60
907799 26705 33
858375 116756 76
459160 378105 26
455560 353131 10
53921 723333 80
145044 788015 71
28824 834443 9
592569 62812 49
351376 589910 13
854228 119126 35
258717 645939 78
498887 227897 43
44538 732605 47
451374 444983 62
246831 177488 88
370453 169437 39
323250 88360 70
485108 200977 79
852450 13810 40
932055 27925 40
229080 703654 53
450194 190168 21
659964 180363 93
468541 172490 42
825521 10834 34
831943 97463 72
493435 52746 99
748313 247784 75
470742 277234 98
446364 105411 2
217472 580024 29
208855 318255 68
525629 10766 94
362205 573497 49
970166 11323 67
674919 158564 21
50617 905694 10
999336 465 55
423548 28176 24
328940 600177 50
563599 331701 25
205152 313676 71
910341 53928 86
118425 851034 50
988639 2589 43
604167 116452 66
972733 5219 74
221065 361868 85
559619 250585 14
774929 177576 42
818974 116083 99
696031 199744 80
853064 112247 60
633179 15848 20
406283 301637 59
620864 224179 21
805369 169737 4
138893 375590 32
314868 668932 31
821099 126892 28
643643 269858 16
7040 22927 54
335840 285026 26
997854 1110 44
265241 187711 76
104170 555783 43
422231 112805 31
764358 46894 94
554535 280444 3
895354 11994 2
693926 242863 21
327422 52815 21
603409 228200 53
407311 116642 74
564792 201504 21
746482 185988 100
360586 345199 3
212015 10021 82
233673 455019 79
947794 28484 83
520601 310161 73
613259 31665 87
621703 290661 77
576465 80023 65
677771 32763 87
419757 446062 22
229584 722301 44
747331 21868 97
799143 41950 72
413718 85929 8
427315 488656 22
21121 930229 12
23664 667497 83
971083 20033 47
371080 527986 5
781642 117931 37
999763 142 94
609281 348069 43
544733 260976 10
286547 35677 42
812378 48513 51
791996 51271 44
910528 65180 27
535217 401983 39
825777 71768 75
112150 824139 64
156270 588840 42
972566 20298 51
276989 160377 47
441175 117931 85
908085 88854 53
155290 498206 10
860215 36888 16
583347 220932 26
248869 507755 53
536945 124773 78
744010 235080 70
571692 366009 3
310318 657901 47
714586 16333 41
946690 41542 42
102155 629920 57
892385 104797 100
275091 405682 35
217225 393309 43
990116 2622 43
154732 22249 2
784866 184987 4
625579 225537 40
159707 617303 90
671943 115279 32
124329 625293 19
986265 9015 38
993809 286 11
861054 123021 11
318640 283286 51
942284 53327 93
508005 127299 28
635452 159964 4
286242 50660 20
999593 399 18
610283 16506 62
393143 389081 54
831903 19635 33
158717 20163 16
893253 45973 53
528806 62779 3
351741 426263 40
768718 108134 35
323869 319797 9
218032 572294 42
421583 566867 55
741316 230568 98
591746 138451 1
416547 151695 31
27796 885277 99
401236 468606 44
455093 22729 82
532373 104065 43
814161 90761 53
367647 303914 7
762181 170671 79
143142 564871 94
33714 206150 26
441 19581 45
263015 437560 38
903203 32919 59
563467 153059 72
56239 451415 46
940660 27129 96
753813 120319 16
604414 251808 100
769659 89515 36
475272 370889 41
17560 956328 17
257001 324344 82
852055 121436 93
685210 206109 43
881556 113888 31
662482 293537 43
753607 159818 65
608924 272977 18
488965 186428 83
58323 534899 26
618668 247299 73
456013 487626 2
726480 26818 89
195518 263149 25
505413 426809 19
354936 395002 95
679127 257229 82
621917 236985 78
953473 33973 30
8375 786075 93
348863 629707 64
362162 118690 44
632040 357373 54
937051 4672 24
494225 355148 73
884402 50265 34
251961 513594 41
218922 137080 52
103893 707555 89
208591 481845 43
691394 107220 100
741519 8661 54
842883 68290 78
996994 544 50
67848 611497 27
828164 81982 26
100015 468885 27
418070 95129 34
343471 588910 48
224278 736458 62
690900 52197 46
132867 808432 73
550661 176776 19
696906 7821 81
831287 8812 18
851557 107255 80
710811 289154 30
969478 1443 15
357712 73893 83
330400 18586 19
257415 621026 18
284701 226759 26
814075 114704 47
228729 361748 40
428274 351281 62
216803 461387 35
480286 377136 93
68535 567879 13
992638 7069 21
90849 739712 32
66921 693646 21
700950 109386 2
587174 407167 47
491244 99322 25
50495 652364 9
169210 261490 65
123778 790056 67
219279 387779 47
582088 241013 83
80881 309033 64
446605 505195 54
305310 471471 8
414647 166663 6
224518 274951 74
448396 465014 32
518423 376119 92
687174 85962 74
232614 606943 22
917588 19292 72
889484 42941 14
131183 321629 10
159863 727673 84
113821 456772 51
405588 204347 61
238523 15559 21
146786 294038 89
357644 270438 65
622424 359579 43
805641 151219 40
538885 109635 1
26531 458201 6
188321 497866 50
605037 68989 34
391583 266792 40
441348 280713 10
787572 104400 39
31247 71670 3
978829 11994 64
280262 703361 96
80203 772791 31
250321 638924 13
338692 651550 58
972640 15657 90
466602 85772 3
552834 52577 1
871246 21819 67
120682 487703 29
771896 95162 79
522496 179321 90
445478 243484 48
425485 359579 84
486484 11779 42
228850 281956 61
152990 725290 64
331846 578607 44
491723 209107 60
832216 77677 52
813600 111257 40
252547 450286 9
582326 48583 49
588052 255395 19
442127 97553 62
719447 237282 77
621576 165358 14
828032 49510 96
523957 350293 62
724571 208931 48
393533 413185 83
917691 14756 78
95009 776856 34
778900 205992 89
12069 45923 8
148898 55261 42
124828 342483 30
369156 165898 86
469220 47570 46
719003 151765 33
377707 571217 3
180383 204327 66
253005 149958 43
804854 170915 72
864170 45942 73
242955 52199 65
449751 192512 44
113147 806420 33
384305 352921 27
381568 384595 48
524387 425549 1
408550 151929 10
133510 278562 86
516991 24125 4
4043 941120 41
980102 12348 35
254842 615552 5
296526 169912 94
486901 45114 90
909673 32818 78
426424 180790 60
180914 143290 88
523467 461217 72
673495 311499 75
858836 21363 72
922102 76109 54
555918 399845 24
455506 91225 7
418148 573423 40
675430 186036 53
352283 396174 90
836892 140191 72
228157 329508 1
862450 78558 30
331807 137585 95
922354 24316 22
624901 176020 10
921924 13489 11
21206 919436 68
946065 21999 44
531058 196874 97
729651 50485 25
499458 292035 64
712697 173402 82
716436 255671 29
476757 405539 85
96535 780010 15
654261 335437 55
681190 111374 30
919018 78578 97
233146 428531 33
511118 268479 52
430093 6728 39
919630 55075 14
346475 394582 12
402538 492267 27
228575 168315 13
81288 51306 87
968617 20561 1
260549 490437 79
13800 236809 43
438048 179118 61
392741 552200 72
134520 481590 91
346641 113068 50
371318 208214 72
535242 421952 74
30547 331899 53
770620 212787 38
147389 29360 10
522063 207497 80
94237 467944 53
614860 235314 91
41425 246202 98
740047 198007 93
386790 386819 39
882774 83908 62
613942 263235 48
380375 312416 96
196328 210493 24
236923 197540 76
443000 485325 6
990675 6950 81
169905 695822 10
368749 246290 39
588712 406216 13
41538 869254 51
180850 113454 70
480038 390459 86
420264 402137 82
801635 172014 69
641591 108562 34
453198 360134 91
747958 91470 92
770089 56812 85
67493 625983 31
386804 500789 51
546342 345058 53
251335 357707 55
206413 361259 27
81817 703880 55
712899 168250 61
636913 187592 38
304047 239980 36
363142 452947 7
562092 364901 34
364912 431824 97
239963 238427 51
738981 87536 7
162436 107497 64
110348 103094 35
173901 323699 51
590169 36597 15
975085 18748 70
138235 92281 57
107405 217808 54
666905 192591 69
697237 36932 56
958672 12342 100
33178 916223 92
172369 42095 37
553636 229784 19
668250 139785 78
361250 597319 82
912692 14910 53
789730 3617 82
590740 41859 27
555345 128972 14
468872 410451 34
742295 134585 38
753743 152982 66
912018 13480 43
658379 230099 68
959285 6580 79
345131 478118 8
756549 79027 47
686117 140186 6
101538 262620 64
245653 106092 26
85797 6070 23
319108 599226 86
334491 487050 13
408042 323610 91
714987 280139 45
998976 510 50
18164 313725 95
524363 276459 22
719065 175739 13
559963 381554 55
337723 162335 46
334370 563035 66
513610 249455 2
231081 728616 17
440094 160940 7
23031 721993 92
591419 215792 93
939145 26899 60
411898 307728 100
622559 373082 32
862398 32559 22
411068 307792 27
103275 375944 38
708770 91215 45
817923 11338 32
811635 182932 45
58690 545337 77
21956 609931 79
344565 76014 42
211221 767788 44
105238 330497 48
670969 130535 91
423578 130732 39
671610 108634 96
812461 6177 52
533031 153560 15
659343 106527 50
981533 575 20
174282 194809 59
823592 21319 15
161026 698623 24
877028 86022 57
361354 346713 31
293216 703238 51
390412 338392 69
603977 340578 95
967417 16683 12
797986 50615 10
744281 22492 59
384934 382179 59
847222 9110 45
857759 82040 73
800164 178472 83
997081 2452 69
746384 32306 77
29737 710602 64
818030 56032 88
13306 449283 26
629675 305923 21
666168 68931 16
687725 244007 53
36898 533270 90
372968 451004 87
664605 87535 52
136189 379240 41
713271 64408 85
624901 104987 81
971813 96 34
73229 173451 8
416596 453817 91
873355 40916 34
541189 340062 15
184265 119825 65
903036 53061 41
219064 192973 46
462457 241415 81
89590 392609 90
613436 233906 27
634984 140736 24
702667 8328 82
441027 126351 3
645752 92923 4
691646 242101 60
841647 99142 62
692091 76516 48
817217 129323 3
730252 15498 31
919985 75817 10
590133 50721 4
189107 765053 8
620299 271785 51
641140 57682 66
524062 236118 3
702317 289418 68
568383 178512 32
193824 205701 76
536227 28162 81
561133 330463 4
854945 36351 70
55771 539887 49
203506 543342 82
323319 659285 34
736998 195177 61
157161 692320 82
487023 295572 75
386934 173049 46
83326 165885 67
948765 49305 57
688275 196687 87
619608 340825 47
204623 710870 83
468588 528370 81
143472 795935 41
124395 488644 60
517819 376506 26
911648 3463 81
681038 211522 91
102531 514244 72
673720 113304 36
701107 69850 5
326616 245699 94
977121 4205 26
455259 278898 61
29257 225288 42
327346 597754 33
240688 499733 39
735435 148831 36
407343 447545 22
103942 418346 53
422903 446836 30
861255 64094 72
635808 242036 58
936096 44231 61
993058 5398 67
179762 791226 44
758174 188712 7
328842 38694 65
821539 148999 42
317838 78880 55
577418 149057 55
642066 356229 91
520037 29102 81
262948 163339 33
274892 203474 47
572765 243033 28
614366 363718 70
878662 32590 48
348561 562717 74
236711 583633 44
173388 515807 23
655864 268767 22
94290 565611 82
394453 83130 59
447172 508490 17
14486 527726 62
161568 728399 58
237596 123492 68
243652 689243 8
922221 7346 9
876062 26161 68
395677 15943 26
887540 82745 46
965221 34284 16
674928 206567 86
288934 525602 27
150022 4344 72
473188 368012 53
961040 16892 33
938732 17222 15
833887 39771 51
333753 379381 33
874160 38925 35
140874 477431 49
518464 468598 59
336776 166731 70
122215 869149 35
850212 97437 60
343024 33805 64
646892 204350 67
254304 154315 27
866959 7647 58
897266 69466 5
974327 24891 99
75835 437355 20
489478 450443 5
815165 144703 59
717800 87390 44
197958 615621 7
422907 153804 2
426903 532124 52
937047 46212 45
629045 253329 77
584938 358408 34
881061 70284 49
321416 495703 69
258748 426752 28
102981 562571 15
628655 7019 84
25031 928699 71
236110 483362 92
236026 685565 84
624797 54140 60
210657 648965 23
719775 211326 12
27545 63847 64
347204 360817 91
69271 313744 15
106274 644065 31
79657 162663 30
982370 11646 13
257965 285129 27
89958 612335 64
82901 493532 6
318930 85651 33
745509 107867 58
139917 504865 14
558752 366329 43
176047 750002 6
80591 224313 25
873909 76214 7
116220 472890 31
206786 665469 21
629547 33119 15
444065 261317 44
680443 72926 71
319615 629169 66
791110 93841 34
959493 735 1
164489 387061 21
662370 218167 95
846697 22284 63
323385 295264 15
978509 9823 7
769275 212039 44
269372 675451 24
537593 27307 67
376843 61993 24
286186 359802 53
420559 561430 20
943974 4041 28
161995 454113 4
615408 221682 87
148668 376472 28
405432 187093 99
6564 365213 12
146603 550046 30
404976 427780 42
217758 489972 92
847006 113098 44
351984 439237 87
701078 297539 32
284691 467016 3
130589 257322 12
250323 642900 29
902153 57177 93
41492 621351 89
493154 310741 93
666723 319530 43
869682 23851 100
329609 348819 95
666461 138953 14
129337 349015 51
562014 48136 93
635399 93 68
920026 18221 79
591129 27547 18
611583 293873 41
564594 66107 16
189132 115689 70
577721 48617 25
725706 122947 85
317952 140664 63
441741 64379 89
336856 474084 36
506647 70440 66
563992 150160 79
114654 545624 89
863961 66153 90
871137 2517 86
620958 71868 92
647026 121868 83
70145 499457 52
717745 105447 26
323245 579401 68
293477 433338 48
134718 731273 52
529338 296123 45
801716 106114 82
813829 137877 85
397447 528941 97
9831 2889 39
672452 252262 93
134973 292398 47
453563 141934 42
836682 90255 97
115276 758256 29
365790 625790 65
843823 78581 65
723408 108771 97
244976 288178 86
411554 159375 49
30952 212129 45
628369 264177 45
908635 80006 43
223106 598677 86
448698 286767 47
398056 128260 15
274373 438917 19
257543 247609 40
806735 23363 7
730899 89770 97
186517 73363 24
475499 452135 37
362466 439376 44
788639 67477 98
364204 545215 73
175817 537740 66
298737 696308 27
286765 366567 74
945010 43619 54
34082 432656 81
250801 322600 39
159734 54893 36
371578 332086 83
319289 45670 35
316245 667606 18
607853 13127 91
403918 351011 29
682349 269359 55
623872 223451 96
234496 328283 85
674891 271216 3
817532 129915 70
497935 112324 77
586450 29587 11
126781 412076 15
628827 33533 65
468666 221868 48
336005 361214 38
839167 128285 44
372982 615837 38
963969 3801 7
624868 293383 42
821775 103110 45
17265 622443 74
965741 20038 44
497340 4080 4
472762 430481 69
9110 879616 80
306708 673154 21
916647 36432 94
214062 688989 45
552406 190836 94
769138 18385 74
386942 268943 39
759328 209179 3
609243 62575 21
41854 354964 80
658233 326068 53
41973 525422 13
471325 431137 78
375288 110053 87
170798 427683 90
203032 185566 57
90762 337538 70
886168 108601 13
637164 38110 3
499188 156850 47
959282 25192 83
283981 429762 80
141402 690448 31
329584 534019 60
539327 62205 8
252350 267469 18
405347 94840 2
80001 362008 76
995590 2359 89
754579 219234 4
37580 717187 87
690441 21491 75
3593 28891 31
905951 44915 20
928610 58579 24
409512 435435 92
122661 9727 45
386917 360784 95
70533 852088 91
780349 13856 96
34273 455538 38
277970 639708 27
359712 179730 61
595786 123464 75
128696 808215 66
492972 346386 29
747477 66435 6
965349 24368 20
96916 110300 97
938751 33254 54
267954 298775 74
911534 14545 23
12464 260728 43
356958 146013 79
524677 308592 25
236890 141961 77
436352 541926 41
206599 669182 15
509296 403125 69
561794 5468 23
556606 330551 12
181378 716847 36
109117 371841 23
243594 256017 14
477083 381640 1
835452 116788 38
733023 244986 41
695276 103943 64
456705 279814 37
101526 876035 15
236500 203156 99
697651 115397 75
259682 47632 1
518034 423507 63
167720 751442 74
961666 18581 78
608024 9901 59
294612 18541 15
433094 374122 7
538363 199168 29
268337 248347 44
403856 163655 19
979942 9705 35
113141 762497 5
661382 132510 4
949331 3813 44
6497 302008 79
884893 53786 87
485982 113886 54
327536 211140 64
857667 42005 76
744953 243434 26
917656 14200 81
725225 14058 15
910613 73698 63
349156 524032 12
260804 615039 78
362276 395866 55
278872 311845 12
588807 24401 11
964396 6960 6
775101 40612 25
495080 299945 91
70299 555407 78
408536 357958 42
915874 21371 25
820217 137848 25
575690 312716 49
445436 111046 35
657678 80365 60
859115 44087 42
948268 20398 22
664104 140956 16
661953 110917 97
862543 67894 20
798126 1437 56
770880 131948 63
917546 72252 45
702239 40163 85
288835 221215 26
834435 52377 67
475806 429331 83
354841 22995 83
285016 630592 74
36291 881942 99
170213 730525 71
116085 731011 54
236530 416998 71
209600 576320 55
101136 491789 46
417285 431426 25
499968 164919 11
164431 689312 56
929846 4825 53
848355 121499 96
130493 847409 80
367890 603268 38
375842 539376 19
786439 38411 78
214190 553326 68
80854 807478 56
205712 45835 31
836256 107690 64
319275 97190 81
272671 56953 31
65366 790584 83
141731 576904 96
430797 260306 35
224636 145929 10
88138 240409 42
333920 591162 35
284650 138125 1
170847 320055 32
522387 289399 57
895388 39830 79
663459 78555 93
839025 21749 77
223477 446039 9
576184 267969 1
549965 219488 15
550604 300669 7
816243 80904 33
12680 63881 98
952266 6287 79
748569 86681 83
865696 93191 88
974713 1996 42
153601 142478 49
125271 448735 65
897164 37490 24
390205 152493 25
457619 402482 26
600162 348777 79
141483 416468 53
531581 366147 31
339668 311563 42
402088 144341 33
765452 72304 27
573210 46467 23
470663 278012 84
494750 100498 72
899954 48108 89
456578 354977 40
705462 125612 44
265225 501877 24
638360 229137 43
223369 499406 89
790373 160242 66
546155 91639 59
365148 128284 73
951685 6309 49
139387 740480 31
526039 466875 23
386867 90969 86
898433 33447 68
848990 24709 14
541450 325533 69
798970 169339 21
930347 21024 13
497145 392420 36
494041 461651 43
644271 306910 5
76962 304303 56
389442 239578 31
547969 48367 56
981039 7561 34
969177 7513 27
114374 478919 84
557034 162416 97
455411 384884 5
211247 615869 73
119410 65989 36
223091 27877 19
251635 563629 71
145439 366190 90
18744 603109 36
441378 156496 67
250122 594497 25
613949 128671 34
355922 55256 45
828132 119714 2
934033 5177 95
786358 205228 15
953120 32306 59
137285 580791 79
28734 232729 4
26433 39941 24
834 841676 51
135275 839675 57
592913 351717 35
719578 188287 48
761219 113609 99
416070 305313 98
798330 141981 18
863846 105434 30
745631 158542 61
452073 445505 78
59228 880044 73
856774 97832 69
432126 313252 83
518392 114370 78
544794 71286 68
907662 17202 72
211653 764145 40
898159 38014 72
444421 331857 68
372234 232487 57
541341 441934 15
642680 277393 95
589072 220935 14
679416 94935 15
817482 98076 54
478957 481531 75
791497 144553 91
439069 238494 43
363818 575809 22
131118 549298 69
705697 227346 56
906144 56693 75
174653 515867 4
337884 606652 13
231164 308080 1
603931 317270 96
329742 3444 86
593170 393444 64
143239 117525 99
185807 611274 72
150007 236270 79
936919 29433 10
45048 418963 51
477989 35936 26
609454 327579 89
907746 56897 27
537261 367835 9
326726 620325 30
496926 436076 82
424375 535237 90
513069 122074 38
44623 473184 41
963710 32994 50
520224 410239 92
589123 238283 68
54338 736861 8
310804 69644 55
302208 573552 21
87353 473157 67
739233 11838 37
44625 854122 18
562936 100413 76
495392 396735 16
717213 255750 72
766685 133537 65
250221 315571 25
976622 76 85
885602 79224 66
604773 315620 53
348610 189782 95
484172 28590 11
994843 2993 2
826367 169274 45
14981 143767 43
94587 154951 87
991587 4066 94
345657 261215 60
912863 51220 95
235378 403684 50
433395 235250 54
895301 43675 23
573626 10661 38
553462 324274 32
282988 238450 16
61398 328110 44
127238 799859 28
818979 71609 57
734642 3224 69
875808 121719 26
283311 30047 90
87523 820872 96
679476 70911 53
917847 81013 22
860614 3897 65
25113 76063 66
110009 125289 42
78825 508994 48
300637 549318 71
120079 454753 93
826542 70264 79
644009 354303 28
335098 310856 55
484948 105110 78
980533 16260 83
249542 14727 6
799605 193093 36
285126 176583 69
153210 303281 83
606380 159243 61
307046 550743 29
52309 271558 47
152570 302313 63
283304 563816 100
258908 206662 59
635348 307207 5
603965 239327 99
541260 350638 17
299694 145022 68
997061 1688 82
369573 364890 71
171173 288 12
782415 45339 6
646229 37644 81
367745 429159 54
473197 180125 6
345377 52934 71
527191 97861 74
132171 792099 32
126369 539359 94
519780 478965 86
692592 4088 33
474850 430356 52
74353 482256 46
160691 408075 50
111749 676019 53
287416 666484 70
284576 588089 12
330133 275323 78
396737 395709 23
511008 194797 13
670332 239139 91
153882 207681 16
494430 326465 42
406511 93383 59
78388 444701 31
672865 205362 91
76776 118213 66
891209 105058 2
895399 58909 56
879359 34656 55
28882 466712 99
961470 12122 8
383022 220962 59
642738 82113 63
338000 147997 6
549108 12246 76
725405 14571 69
551502 65928 36
415694 468507 93
640842 28082 81
440017 523902 46
497608 98760 71
319111 429083 30
373686 334478 55
793843 160837 49
650243 41151 58
758829 44857 51
484966 505243 6
583621 164069 76
273021 436114 34
174302 63381 66
175828 368537 54
985254 14436 60
809155 101380 93
194686 736688 74
574060 81478 28
511333 141346 46
858108 41855 1
307300 670120 70
603437 67820 58
754086 205182 2
60158 489164 2
1265 811135 80
519804 457273 68
294645 90189 5
965798 23364 29
501770 40333 79
443676 32618 66
545618 82109 18
440747 39675 20
118927 794818 80
189435 288135 20
332678 163143 95
83875 621112 48
14552 533170 43
943889 42320 2
774737 102283 29
606995 135085 26
367167 203848 98
577891 109718 68
653013 33641 10
878775 83321 74
307450 159608 72
647173 138403 9
567778 240317 72
376126 132591 81
589590 185622 54
96579 574301 33
857804 127516 24
952176 132 2
297569 686674 55
395043 411568 65
206539 362865 99
193601 32582 58
623435 10931 8
978050 5704 83
487800 251896 23
100131 286271 5
749743 201015 39
699228 70358 65
795841 10055 73
160044 274788 64
733234 110020 61
301501 554334 15
87633 86483 41
934645 13591 82
661327 200142 91
423038 5992 73
339529 82947 96
255698 437812 36
270568 708646 60
207915 398745 30
918277 24605 83
511628 476188 57
307967 200139 55
651023 304535 36
595972 152444 81
955349 12266 6
495881 389185 84
119340 75863 72
795058 87305 46
191467 614882 32
102335 218208 94
175762 812569 8
451958 425120 3
474687 335714 98
481674 232580 66
202271 656407 76
938719 33296 91
931463 24502 70
643064 104089 5
249477 316919 52
788149 73672 56
68087 910707 33
856587 53754 69
613045 147063 81
109347 430650 51
215973 149065 93
721084 102086 85
5275 993395 26
31985 19917 58
728723 179228 1
171795 53683 59
581312 34396 53
989402 9121 100
27081 947216 74
179174 477732 88
56228 717586 12
395501 258798 21
262497 626350 16
845371 22020 92
833206 66622 30
860927 114915 53
324743 384037 60
155808 493676 23
925136 17507 24
913034 43882 57
596095 329112 24
853413 107951 97
573655 211412 8
724880 215950 42
251192 375385 68
382452 422668 45
991744 4679 74
40849 709249 100
58553 351126 43
104351 300557 22
948347 33425 72
24080 388223 79
258853 338586 15
224900 507550 92
563974 76814 58
573002 246995 80
183951 594236 57
207836 669814 3
358620 176860 62
533509 152892 38
435621 323403 20
279228 168449 18
636090 248687 100
803298 155111 50
319598 289788 15
729839 124454 64
84921 292366 22
154537 649382 80
407029 229242 77
418384 358693 47
894936 64985 66
4609 293188 52
618817 212116 49
888587 35317 39
400778 225641 89
370011 478951 47
24645 203887 46
81480 159273 50
431467 19992 97
130026 519497 79
280717 220805 39
886634 38597 85
637419 144211 62
210739 745528 22
127831 558175 65
374423 78782 46
131727 841115 97
148455 50057 30
869048 106982 82
565563 35582 94
150891 505000 56
256608 496308 9
893764 9196 59
997392 463 93
808481 14907 57
742139 201588 34
34442 419325 52
97766 147985 34
133631 659603 44
254599 111526 94
35226 914141 82
608907 134509 36
60188 374327 18
283197 126979 65
551068 124085 57
962536 5886 65
53259 415952 39
758649 230925 42
764508 182256 13
983190 13054 98
852628 79548 45
858093 100463 5
899139 32322 63
99632 58442 17
995510 2555 58
150158 473334 47
137129 103535 1
192522 126124 7
716533 126811 14
436283 363325 33
96257 571694 35
157965 501210 57
834810 33546 31
247922 596586 79
105009 347866 1
833694 72843 13
101604 92573 49
743635 236144 53
53242 586490 54
89246 768511 69
790315 15099 81
787933 28214 60
558620 219113 48
486646 237606 76
122865 871274 6
921396 70663 75
714928 167686 61
987170 918 7
802688 4861 6
537896 207571 58
751237 138850 79
86451 177643 16
530385 333072 50
492042 215894 34
33935 832611 41
462395 154875 55
130611 246131 42
106845 839018 16
784815 40362 57
621620 311128 42
64758 411404 4
972136 303 97
650707 278217 95
155925 337841 47
699837 99528 50
735725 116285 88
466625 107771 94
836009 100208 94
879215 96330 87
464802 339688 44
517311 173877 65
507532 452664 16
654781 154258 63
802766 176297 99
726949 71861 19
17949 661806 55
723942 268547 20
130679 656187 92
886593 47870 51
762101 189990 64
651595 233335 2
821622 43169 93
242836 290899 24
480368 163885 38
536843 325118 66
147663 759240 33
387164 133226 72
11574 910308 17
678826 26773 64
793721 59353 75
346669 626556 19
197681 418014 99
450356 524934 4
624108 63863 24
805955 161510 13
94095 360995 97
622278 84221 11
262285 140711 92
88444 300616 95
792929 135729 98
417794 85250 85
546295 208753 2
246305 436132 91
676575 82768 98
465245 204443 45
840557 73310 50
148803 469846 100
507228 446688 34
100712 534617 71
22936 333338 49
645623 256044 38
229949 571267 97
8203 679881 56
383562 11641 60
894170 94170 74
465451 57773 39
609107 24538 96
385221 470556 21
890537 57197 3
534268 332782 36
637033 53633 17
254048 705388 8
945802 11174 84
400639 94366 96
268639 509499 69
511360 248986 74
678633 223530 86
143097 81054 11
397099 143402 74
978920 20410 88
64716 618287 44
617981 283712 1
276528 527987 9
521355 262393 52
975216 11937 65
876006 35799 80
631999 70587 10
494940 346508 61
842624 32269 42
115063 175877 27
688024 13869 46
66120 208029 74
142968 505090 5
971272 17460 88
836271 42845 100
743097 173736 37
8684 306868 50
21199 370053 47
838689 27476 28
229057 599385 62
399229 478587 10
696554 292137 38
415539 473002 69
780112 197491 65
450614 339447 61
164449 568027 50
988930 7849 1
181870 820 26
475439 94218 47
709238 178266 74
984257 6854 100
956221 37840 34
926656 10486 54
988716 11265 4
886554 87198 74
266860 610702 29
619953 198112 23
749169 16423 76
258077 24155 33
35752 389238 59
953760 6553 4
711018 48267 9
781058 24610 35
649899 207342 96
995067 3270 9
643754 250583 86
299158 110863 87
542345 328174 1
904416 4107 23
841146 64613 33
223807 221414 83
335923 515463 33
438262 253469 12
680522 38704 85
949180 48867 56
991967 759 58
12105 793903 55
636879 3343 36
544846 262826 78
200188 618207 43
7451 644167 38
392157 314007 89
412682 376108 11
484640 70929 45
605793 280653 16
545620 308869 83
264926 29894 4
712427 97039 100
70786 925821 91
922924 71138 27
785796 20787 16
433236 338796 12
710736 132559 16
969863 796 3
690726 129099 89
929335 5389 97
667371 4392 98
600215 232578 69
777065 181953 87
368689 64265 76
398410 397936 42
507646 488062 93
15415 709623 19
179103 703974 21
100739 76158 88
621202 218615 81
115100 284564 61
694116 82098 30
397431 17811 5
585168 384833 84
307853 689115 95
733881 153299 88
637200 294171 37
774490 114935 55
582434 358886 15
920912 46276 92
186740 215030 45
131561 680001 84
730470 137595 21
203745 60415 40
236900 161413 21
50802 725308 97
594238 309992 9
699499 60786 15
571143 360404 18
640890 172308 67
236570 732049 7
647499 108525 94
903969 48236 57
582006 285105 27
245422 496391 54
602652 359423 72
600655 342647 41
893012 105786 50
869252 28474 61
701269 73201 5
584506 265892 14
858424 96089 4
786878 75563 53
278384 179109 56
726758 57394 86
757322 111627 50
799100 97597 12
494790 443161 67
221576 361205 74
313765 640176 29
19791 848012 97
660672 302663 22
512936 443722 52
859535 119245 16
115620 423609 3
282063 712558 83
849359 7298 30
715589 12107 16
293949 3368 44
506795 448792 53
240958 698225 25
273473 468201 53
216425 435464 21
285576 134846 44
664889 295121 100
981628 17546 39
850482 50677 38
389292 573696 42
554216 276954 72
697461 43803 36
922410 62011 34
848320 108399 25
259818 297987 2
213074 711598 53
727149 151177 86
968074 16273 54
739893 110071 36
283821 251508 64
906420 19587 10
884906 87443 9
717019 112645 5
108845 718262 19
683053 110402 95
117371 748057 87
70879 602161 28
810736 113437 38
882261 40584 37
576602 283415 92
955305 24497 72
103257 534815 81
468929 51332 57
502521 348118 45
652716 139256 93
627206 323041 70
229053 606001 58
321348 136016 96
521795 407084 65
498291 21740 83
922437 66038 55
14890 242912 31
36103 458027 37
481352 365457 31
778071 43332 64
913444 79853 67
460891 470832 50
336050 396126 70
633313 91935 53
769491 120076 60
864145 9330 54
364302 419843 17
496917 111808 99
745127 254242 27
920408 1671 45
678483 137012 51
515264 246431 52
637933 331473 59
839762 53299 6
9033 944729 78
27333 469907 46
142056 174962 3
362126 270679 18
138655 310676 58
989544 4142 1
158838 771837 97
695855 101523 4
184408 572866 91
763807 69383 12
235953 292285 77
454682 379058 49
647355 276670 29
564004 434558 100
988974 2647 98
839154 157869 96
808573 81337 73
457161 3163 55
326949 92457 96
170875 649738 55
602563 110797 18
643250 137332 17
677814 243452 92
842637 22381 8
877289 32168 40
598250 171030 31
336717 127624 14
838578 74800 33
694476 258870 59
242704 578113 28
481816 358404 17
129273 782358 73
841671 83922 87
413181 296013 22
411218 516086 76
169928 601493 6
536643 156663 34
617207 186783 51
196155 130472 34
817706 115120 61
843713 38043 79
244849 638818 90
793969 4415 13
333341 385006 66
895522 5965 71
212057 620776 90
269912 716263 30
437535 246826 97
893112 89795 33
272577 72029 18
330270 30126 7
196352 529604 69
889708 69853 85
294364 54661 40
592025 318634 69
618370 184746 21
981585 14693 42
378128 221291 62
658940 301312 8
499627 362237 36
166130 184081 5
837276 136637 33
521613 239276 30
70605 131927 25
688423 79421 53
68346 397526 29
172368 237488 86
64346 413977 76
832201 43951 100
601895 267966 87
895382 16305 21
311651 7139 62
991027 6528 97
15985 146588 59
618433 225318 35
859449 84385 70
344961 51171 37
359578 370954 55
382425 181286 36
294814 423200 18
513269 413620 100
312810 233614 6
157650 156534 17
980282 16176 48
919689 31895 46
21614 173183 83
419705 364869 3
124376 256691 9
797615 671 66
214177 566528 61
308018 225635 20
605456 85096 4
121431 778294 41
614893 187379 63
896141 57182 18
521213 313002 82
807799 84775 14
103677 503013 83
419685 140148 58
829253 899 94
525052 280080 17
873590 20717 40
507545 81802 40
486045 153015 96
498070 66615 77
22431 197485 96
424181 122890 40
115433 684055 59
797825 139850 10
756710 240847 78
232877 162397 43
121586 687109 87
344318 543523 38
727522 118347 45
477556 137651 12
681274 226617 84
648130 47681 77
812802 184598 10
653573 336175 89
482068 517910 73
803073 165216 64
475463 354883 36
135841 125388 12
477577 195037 52
170290 742132 4
83608 256273 90
858280 51145 82
348742 192116 60
852722 100253 39
527412 241572 65
433256 359099 62
973290 17520 25
861762 127444 22
210913 476217 5
191819 752119 12
732823 217169 28
273924 462331 85
548276 399882 87
889529 83518 75
381621 345462 95
861176 100118 97
251868 594862 64
94646 240103 30
679019 237045 60
197100 533809 98
485949 130293 20
324549 633189 56
107747 740882 76
157173 664751 32
93275 828218 65
908497 63740 72
241750 193608 68
878465 77674 17
14791 445647 96
103505 587400 99
930128 43321 15
611052 328788 46
493717 462745 82
766894 162760 9
561173 280782 4
708295 223889 55
23897 462114 29
71522 680791 15
462173 128697 29
684190 74674 44
937188 60818 62
826038 116245 6
816082 57835 83
166476 174957 83
730418 257389 80
801662 167641 27
724752 272838 69
813234 103052 43
716058 64908 58
483353 386938 85
149915 48953 15
865254 79139 55
649399 166518 33
292672 295356 11
253061 368677 72
223793 570693 89
630556 84758 75
74189 865888 64
682246 129840 14
223711 418680 40
336220 197519 89
159276 505805 32
234988 90091 73
371219 615391 87
945682 38581 42
101649 403957 93
244103 275469 85
102058 531872 38
354123 107637 9
628489 343357 76
21772 548579 1
408750 134260 91
148082 246316 35
691947 61332 72
615649 54640 32
730210 182518 77
120300 36879 20
881166 9864 86
669441 124884 15
436085 375527 58
880625 20367 57
178939 80429 62
491945 228817 80
493901 54848 9
530193 231114 42
564113 175035 23
103582 831287 44
205322 360096 46
892526 61579 52
136469 159375 57
44578 339614 2
201908 301535 69
282331 295559 99
293973 266894 25
406450 102629 3
869284 4980 43
872006 46041 15
500191 486944 92
254857 488719 10
160063 9662 46
862711 58302 5
547520 97504 23
607110 94770 86
523649 86876 29
377215 410017 13
485083 221240 8
38554 68573 52
867037 100441 50
477748 271119 29
359436 294305 67
687447 4266 58
250331 182844 91
983577 3568 10
716141 157580 44
547199 125168 57
426661 87854 19
432085 18424 50
385719 224364 45
338154 548708 27
706004 213864 79
890237 47685 93
536339 397190 81
581670 303920 13
132842 10226 80
165738 631666 10
470589 94613 94
361465 580955 65
506651 403119 51
598861 225276 93
873868 58402 14
666162 89064 51
263998 672734 93
750788 189345 52
686972 270719 28
526357 264890 48
653674 266936 67
59334 592618 28
849053 60743 4
48352 436866 74
298055 509514 18
600892 222866 67
156918 240303 43
509922 314116 43
709428 234571 67
580603 126409 94
822328 120584 70
776230 11767 98
975287 2791 72
500481 102786 9
838435 136761 2
685169 138798 46
836245 95845 24
353346 33861 13
948103 38754 8
639606 118082 26
71953 353469 78
494234 121988 53
876117 34400 15
795628 92300 45
285341 289682 35
253422 69743 10
767429 156934 14
680086 228462 74
626559 19070 89
900944 1233 17
882272 38102 44
37195 304152 74
862084 35535 82
131768 508155 16
116249 314217 23
447428 376850 47
284578 200592 64
97459 866540 88
570984 308796 6
25855 65269 90
350169 107501 13
226627 770174 1
274897 292924 5
843673 70636 36
883259 15816 27
974512 2891 81
202690 599256 70
183549 3427 64
52127 588482 8
446879 550865 44
345988 246017 32
393736 409185 16
296273 461414 94
126068 176971 53
920399 58837 71
100172 161253 22
517635 304020 5
940074 42498 98
830190 113960 80
815274 7508 89
961041 15671 52
958927 14269 3
369901 97961 69
395180 157385 69
753469 17946 1
164330 505679 18
282054 576660 76
342820 343827 44
785466 183479 12
924370 65459 65
620361 238907 73
310394 300420 78
647666 292625 28
804901 23929 57
333087 535755 54
645237 38423 12
125507 866983 95
292101 232992 23
582917 19615 43
173647 152120 96
370898 141688 35
187546 364520 39
154005 710812 64
891447 38237 26
435159 397302 88
944390 10908 67
735770 10537 25
47904 398063 71
504353 406849 5
131274 828257 34
871428 71944 8
160244 242810 67
998716 1166 81
840699 16057 30
877687 89792 37
628255 15347 40
502257 310223 90
478833 425916 91
970029 24394 23
946930 4539 5
57972 532306 9
608517 326694 80
309254 96232 6
143997 638064 17
821746 35652 99
932120 65892 1
258763 49459 65
919262 37808 15
449174 98685 58
598606 330372 99
300213 149902 55
342992 373131 84
317299 106607 15
348218 255857 78
430766 371351 92
420947 532031 35
171718 733065 18
985707 12737 4
683821 110681 91
813288 125438 67
545778 343331 8
114310 316757 10
177682 750647 27
202349 336079 9
905580 84602 85
303352 67142 29
72032 661772 56
523737 424109 82
179581 256783 36
900090 86370 47
339971 245325 14
878846 28576 2
747691 228128 30
168503 581336 94
22052 297492 35
450268 47351 5
399675 494662 53
385509 414711 8
343625 127996 41
923394 36710 40
849594 1296 64
43603 143683 46
94733 533269 62
873421 116157 100
680482 145767 4
910880 22263 67
207866 470775 51
121018 30951 62
768753 159219 73
781058 131532 17
333863 378708 24
911090 27778 47
545912 444929 42
444928 538910 60
688955 281684 9
736709 165959 81
595500 83216 94
72330 131515 7
414695 13756 92
863830 66739 49
423431 91582 1
189207 591218 60
824163 164823 100
132768 23872 82
725287 137880 98
910446 40842 27
226739 700087 22
243444 196213 57
476523 517241 30
506990 62117 15
518766 256175 35
556959 198193 88
608705 4603 52
513455 69650 32
837554 128879 43
65751 563074 71
349509 116919 30
427012 487340 47
154186 627961 59
795069 200873 24
355927 499843 18
643077 45453 25
21385 299168 51
720778 209167 40
593100 88088 48
556496 125530 79
555221 382276 58
253898 348037 64
556249 176305 47
769385 130232 56
604687 363008 40
427334 272200 28
493469 406704 63
935064 19168 86
97100 537892 29
367567 456514 99
530238 54845 50
440167 329215 87
633974 153305 3
421193 244487 82
46490 310833 13
541303 213555 49
661463 172698 64
614849 7691 43
470294 477842 27
64791 238575 57
740832 209639 9
566111 293288 19
673028 91370 29
142460 384064 83
567340 49234 73
147495 117330 11
795978 195104 61
684750 306805 67
105760 850989 26
679316 320100 24
930816 66521 90
299375 624708 83
635483 260630 46
874708 21802 86
979038 5761 82
37736 119911 52
764246 6102 22
254331 295723 90
94616 470800 98
602968 383762 13
194724 288142 12
291610 158554 6
293040 203092 15
8475 924452 77
442521 480870 32
702930 136229 45
618684 114491 90
933848 32861 30
934889 42341 46
232753 455709 55
35786 722001 73
996822 2824 29
78457 304348 67
462283 202516 74
539899 157261 15
756077 47636 41
520292 197737 25
250562 583958 2
75425 726784 30
409951 200437 79
874770 87369 36
103508 645293 3
173315 672154 37
837269 73658 51
595071 237153 57
67679 403331 51
843434 105523 52
695102 266946 78
178627 724276 48
786000 150356 61
541692 242180 8
142769 278755 19
63275 112111 82
889913 58226 54
706875 216490 12
499357 181884 79
735054 91302 13
545220 302893 84
317874 583914 82
947151 23386 96
112284 744116 9
140116 352539 81
4738 297939 25
491261 279405 49
526208 319838 8
604288 301753 98
843589 145041 67
823247 76929 55
484670 397 75
958762 33088 94
725766 70575 95
228862 340073 53
189786 23374 10
197861 507894 20
111903 28976 40
805634 109117 10
203055 304114 8
408367 587344 50
428169 140228 81
617248 106437 37
90660 377029 83
24343 498113 29
92236 658153 44
959530 22231 14
147321 207200 4
900706 10594 71
521596 155259 52
596021 149870 65
875144 87968 7
189698 467053 36
407660 577902 4
379761 24592 61
874504 46389 85
193607 588372 67
612133 272960 13
804415 98631 78
29086 537051 27
341425 178607 29
48296 34830 65
173727 461434 16
340180 82161 67
635946 105978 32
455115 151747 38
370930 485591 6
951081 26319 86
633844 240315 13
976311 13521 11
183600 586974 64
114648 468844 22
543770 104407 11
54478 895396 77
518044 74560 38
507597 258114 3
46951 68246 25
943612 48075 67
88389 542451 45
333475 202947 82
364878 429026 45
978360 20606 10
749365 209413 52
634149 241437 13
332030 652609 44
946295 23237 2
605311 284823 45
174745 705044 43
961264 6692 71
595363 335462 71
623889 208523 20
2145 583578 37
100378 494999 96
874869 38755 23
448678 364069 67
421840 500399 75
958377 23624 67
126857 593063 57
779682 114283 93
751949 208245 49
637120 71282 42
861441 123215 16
53487 866086 86
776018 76982 83
555679 47302 12
967086 23666 86
84521 239860 28
39183 451138 44
21323 243664 61
701590 213419 28
637186 7263 29
298941 368983 67
33303 925383 75
849631 2412 69
424946 243964 50
341903 472219 28
967718 24293 84
820425 155704 18
669929 2617 69
957678 40128 42
957851 7281 15
484381 216370 18
313689 614090 94
273716 321488 92
971058 16778 67
554089 265163 56
92372 841283 30
212671 418841 7
349427 441220 77
735601 32576 41
137438 394787 29
534353 247591 33
16015 449274 93
522248 195144 70
262549 448118 78
951982 16867 90
209110 554948 49
648596 91998 13
714264 266706 24
575207 124527 3
139024 304112 62
367340 192585 87
42110 489588 83
862919 89027 48
127826 280468 69
773976 25787 98
537196 308291 52
255900 660648 57
529554 382227 57
387040 294023 5
853532 90875 26
239608 432322 48
460405 204901 99
499664 391218 74
38332 680325 45
562529 216290 86
499321 113963 91
816090 164887 15
813036 32041 13
679437 246966 71
28444 565428 67
956059 39294 74
506688 180528 22
914211 21917 12
262362 111119 30
963124 16712 27
952557 44320 42
345279 123088 39
820702 140646 20
422396 368707 62
579254 285152 9
646501 100771 56
902139 56899 23
643399 15711 7
219422 172248 50
526563 221948 90
578305 348558 57
555992 427216 75
79955 456215 62
96573 828390 33
380099 414971 24
999040 576 1
405498 548869 50
62683 861981 5
875323 92511 60
955541 11554 22
610741 233491 22
334458 532118 27
883316 10255 57
18619 684884 100
232596 99690 28
648911 106273 60
330639 350768 9
567712 5536 32
518668 232838 19
99101 160327 8
816700 180089 84
535207 441750 51
58325 480850 24
419278 106513 15
364439 577550 58
897366 52860 46
297492 390434 38
869478 92209 26
164395 134536 51
890375 85076 29
45799 47387 11
713743 94541 79
843306 149375 95
210099 383149 92
444747 284581 94
979471 15661 7
188843 632946 54
523980 383762 86
207749 438038 71
516107 441275 77
594864 185338 11
69670 816148 94
81478 221981 54
519883 265685 32
736699 167390 95
313578 363460 66
283098 320397 87
772405 208199 39
687453 7549 28
924806 72629 18
180852 15351 89
24541 660643 93
160537 707056 11
679413 139533 79
498654 202914 30
7842 780686 47
147530 621485 35
29696 498322 64
239621 97498 19
775260 119205 68
696522 162483 33
751717 91449 81
729817 188582 97
313963 537066 10
837696 73203 9
227431 175444 27
238343 471116 15
868357 130527 50
530053 402281 56
489969 235758 44
654906 118010 39
877439 12866 10
71543 625048 5
64634 10322 82
179257 517706 83
767108 63157 25
930231 3042 15
509684 265357 80
24403 135600 23
629418 189873 98
406942 398440 64
692779 131152 76
626687 284921 14
816141 97885 33
387939 45673 42
576861 345083 75
462475 276004 34
306090 273464 97
674760 97618 62
896597 17592 4
951705 18289 33
227498 331812 18
260922 10987 43
931554 55411 21
199925 1511 20
927906 10226 93
166495 233189 24
646586 262408 91
20622 225445 29
850546 18970 47
123374 225753 18
666157 172134 25
834372 59479 91
559497 288834 29
992236 5821 97
564144 88344 40
381541 263037 75
260188 730485 29
981529 15851 31
689693 33684 77
552317 61940 52
919933 4983 49
221407 141567 48
712647 3132 79
488899 247634 72
102329 636824 53
624441 77891 79
658028 3471 6
80717 229727 83
718973 64597 46
523183 97960 6
385224 231956 54
42167 690167 31
419270 107852 65
102415 611246 56
29913 302162 7
526505 233957 19
283039 536907 72
693300 37559 33
695142 82880 13
459581 261719 89
36251 567504 86
980082 2749 63
499310 449286 53
765139 193406 1
614541 359912 24
211143 620385 16
608001 113407 69
901130 89210 27
742992 48155 30
324108 159488 12
790266 181235 30
376724 467132 56
399413 178402 34
597737 120894 17
119107 15642 3
832382 67037 75
418788 4041 16
124873 155318 95
59864 314044 78
859146 77865 5
401126 395098 19
22132 891822 57
333444 197248 19
310962 645126 41
410159 579953 25
904923 88698 72
248774 440805 75
281524 3915 77
966438 15098 2
612236 196935 6
708224 256299 89
489018 300660 75
926971 62555 56
612125 93260 3
80234 36970 88
187958 766391 76
186649 188075 47
717646 206561 31
801722 23969 74
666015 10860 78
637538 111364 37
485250 105985 54
355458 630327 21
855760 86436 91
692377 56372 86
534157 305449 63
726264 12679 97
281990 164008 53
233295 411548 68
917929 4479 1
992957 6313 87
174535 142685 98
331072 613339 77
904566 33111 25
52879 124849 39
818733 153115 77
618713 309197 10
947063 22437 95
208167 27915 37
401960 529918 82
758341 194733 20
250062 203944 97
653898 199976 43
626507 63232 74
751896 200151 18
511498 466401 94
995756 3877 25
946074 52492 13
554169 136484 65
895175 102056 10
525422 391828 95
549750 189788 64
810021 31788 82
830961 30112 34
315905 135401 3
779613 147482 83
867980 131722 4
712831 45910 66
841798 43323 44
559333 73619 99
849595 57175 69
629514 287638 3
278743 346463 66
465392 390420 16
483977 464601 62
723213 116554 92
311560 614667 56
388354 532837 52
641157 309666 35
285417 68773 91
162885 269370 44
30800 567170 87
629502 309463 97
98422 665444 45
661268 294977 91
137754 422414 28
531797 306401 82
1066 571991 3
214038 620556 78
577519 381960 9
481397 502191 25
386017 189889 52
967106 18286 94
945809 47201 20
420327 487184 36
785133 180905 29
664212 243116 88
658187 127827 68
410685 108945 29
96983 470199 61
230420 748616 22
610724 348635 96
496840 52792 79
907988 8024 89
739506 244530 47
182368 568432 6
290974 480733 91
640564 133690 66
756964 207438 1
50136 171679 85
672662 194238 46
91743 285021 83
454692 132765 60
983730 10339 69
694721 250436 29
608819 274767 51
606203 312098 52
248088 363064 55
713041 91998 47
261693 206976 18
295828 194022 32
118777 428290 81
162715 298731 98
551946 379147 9
722102 241213 27
984372 13521 59
127148 796487 98
174647 516342 19
833209 119504 10
105571 332249 52
874726 61132 11
827255 89024 19
461430 519125 79
670075 120375 34
616286 104668 36
556618 360313 99
771393 124669 36
727413 263486 46
431503 140075 3
626322 48209 100
296647 240474 89
278357 215327 87
887134 15976 43
432888 549534 12
648134 315250 81
174981 708389 54
793331 136875 82
46967 658901 7
146060 404238 12
228067 145024 2
94203 794819 42
182310 349634 31
625701 80634 100
499820 190294 97
807829 63181 67
513700 426968 16
733622 228539 95
213435 563819 98
815407 125550 77
101350 869803 17
841443 125515 55
318309 33070 69
660863 244762 64
869581 23296 61
824776 127222 29
974606 25381 90
675344 289393 52
308144 691364 64
2708 746549 54
795468 79812 98
383249 313895 5
711004 213582 36
347995 45640 52
229596 658492 14
391966 329462 72
735239 117067 72
325694 221516 67
927372 62146 84
457873 341091 13
222208 220319 17
569623 138358 100
469284 24347 74
826497 40406 74
395726 453492 69
543205 9006 64
764878 125685 20
660881 220885 3
312709 643766 53
517395 338660 88
209540 516504 6
796575 192308 6
103992 267617 38
920004 36963 33
647441 324733 66
814083 1726 10
441708 146714 66
549845 326689 29
668257 56051 99
693005 46186 65
434980 139470 62
149636 10068 35
761894 227235 76
451182 493358 90
231503 396103 78
747433 6351 59
43356 751234 23
790558 155858 86
511275 82744 49
658353 341104 51
872672 97072 83
89170 294455 24
580729 26832 28
596294 1533 84
25489 550235 44
293428 586583 5
452619 303938 41
344792 136448 89
497530 463330 66
21259 203145 76
272765 398839 94
140533 346694 32
709074 135811 73
780010 102995 30
192763 358566 66
990245 7638 16
501008 448435 9
685895 245877 10
157227 269257 47
646954 276870 87
321393 606536 5
753947 79776 88
351538 532348 27
943395 35386 36
833549 152093 57
82042 353016 32
879534 95623 69
409838 240071 3
950005 17683 92
483654 89082 24
977145 17321 88
988202 5584 91
669113 73434 64
240824 235214 51
406269 303502 92
663940 189444 28
3884 159024 11
240518 341357 100
84144 598353 70
641625 183604 81
91191 632069 53
332401 228497 90
384351 210367 9
540380 404512 50
414010 320367 80
134675 848106 86
767075 88152 39
909890 32921 19
731005 220349 69
985872 6379 62
276548 150676 62
101309 839299 5
72717 199129 51
424483 415185 66
114500 623881 29
636176 300916 48
453631 536343 97
855240 138767 90
194565 746563 69
240337 648939 80
599309 163456 3
806576 188016 8
592828 75209 53
520428 372365 80
633396 29152 44
480658 410408 5
613757 328826 20
52222 203197 36
527860 178298 32
532437 248906 45
587848 139187 94
415169 33394 37
670515 299726 65
411703 532856 50
523899 407384 55
791432 166231 96
305454 281119 68
174381 463367 15
212949 325664 59
833393 142893 82
667717 264701 16
718791 245676 63
597057 344638 58
492662 61374 31
898307 99672 3
456895 147475 60
537439 184829 27
788099 43207 10
851096 6357 23
598212 98513 27
348866 457167 96
707255 29919 9
940425 20309 55
285374 60087 13
377408 250387 40
81673 724609 66
507264 354322 90
949415 6294 30
962491 1659 77
328929 583744 75
842049 156225 84
784795 480 14
657620 100923 70
149890 505103 6
752083 198220 36
46309 204495 17
711193 7626 15
142627 204958 86
324262 515315 96
880846 39861 12
719129 206726 58
17625 865257 8
82250 56483 79
134912 379650 48
413345 535457 20
533543 246769 88
188056 94527 14
595573 64659 17
211412 26653 3
961678 10675 83
447760 64765 24
411361 304210 48
591741 384439 73
159245 493160 54
120737 802864 61
20760 574016 20
163723 518353 72
472420 345107 31
325337 123600 20
49274 797755 15
136404 414903 9
503908 148753 79
794872 161079 45
508090 427998 39
328218 576880 96
233556 197325 9
810294 121300 24
159160 697448 4
914966 37438 19
540349 22705 72
677041 207388 65
126936 51364 25
791071 190871 34
51641 56355 41
771190 93118 33
915822 5977 37
154401 618586 29
307036 213587 48
679769 175779 47
629205 67033 51
912555 85994 37
896731 6870 79
393610 544382 83
939104 40273 69
17930 234477 28
707202 231348 79
544157 360465 18
542068 428690 32
435136 120098 53
918036 29343 84
947509 47980 59
590817 37393 39
102675 68989 34
606132 375617 84
435957 392198 43
366249 5427 24
425822 462868 37
567116 63017 46
942471 40603 56
460031 9509 2
566007 59875 99
88650 329761 89
533944 185092 20
594525 254712 26
753230 33126 3
747476 122133 83
209877 48328 66
582757 392341 93
337955 406630 6
615060 29011 1
528277 289274 83
410158 322393 65
449901 189642 28
942327 47580 34
320143 675158 98
712123 7156 7
654694 88458 63
122669 725643 41
214711 650164 5
573589 46562 49
503221 380146 40
838100 9268 57
214204 153699 30
391771 193488 12
153723 452100 49
379341 420737 40
951734 26116 85
260781 553600 97
935698 35880 26
492962 381451 9
192950 318009 96
531324 250186 51
93568 103601 93
90517 369876 59
940132 6863 40
946306 50194 63
600193 338391 94
239815 21896 92
979568 7128 40
630849 358511 18
379768 153645 33
14997 214867 14
120363 515332 78
507153 358945 19
463234 269836 24
504523 419392 19
463775 161446 86
163855 446901 15
506198 167130 10
397479 452330 46
23462 443533 62
223418 775437 2
427285 533186 13
568928 212231 68
189973 796056 90
516461 432530 15
423704 530810 49
613693 228536 82
814621 147416 95
116078 314919 13
721212 265804 34
859617 54172 2
7434 98800 35
265591 372427 21
531554 52055 32
775686 223963 10
443977 3357 47
29599 925653 56
346188 379120 10
479281 149339 97
927386 6324 70
581163 198253 40
952689 4621 5
884881 10916 95
944750 43326 31
713057 104229 81
791409 69834 5
157536 627996 15
296102 54402 99
827439 154761 64
429255 328827 78
841578 101077 30
969123 16766 66
392320 225058 51
251641 212654 8
910188 67656 78
689061 219275 30
561509 29687 86
927147 3034 71
228802 409857 7
426229 510411 39
518628 426209 28
185413 765159 38
744545 237022 2
256687 159138 32
624513 230696 24
457028 373172 24
958027 41719 86
244428 751772 91
620694 363185 15
109205 658584 91
183509 273582 32
525738 2248 75
262750 100218 56
704455 200330 12
556034 56770 67
519932 64134 33
616952 368098 35
136375 649005 38
854427 32298 26
858737 47499 24
72856 631165 66
79675 304440 40
666342 298612 95
851572 32878 85
432018 178379 56
840553 45910 89
949305 38382 21
382469 8914 50
56106 338985 27
648611 338445 81
726648 162105 38
900564 22821 51
752514 152662 78
266708 144285 52
371174 290262 76
610641 123510 69
471836 491905 1
560750 368587 39
597993 237392 76
509365 279627 87
18573 188561 21
620026 247394 10
126829 422096 55
631517 335204 43
956652 37728 62
638289 190512 50
324287 144412 79
787998 44643 70
668144 317464 89
803850 31491 21
867481 26746 63
166202 802297 50
15173 146820 27
372057 116841 87
936744 47189 3
538461 389241 86
273066 91428 94
918404 8013 94
703812 53963 59
469316 223732 39
535286 345126 74
114247 415736 76
545029 260288 100
59719 892764 66
504753 186333 26
618275 149310 87
866646 91856 3
918962 72080 66
978946 13013 69
11082 288419 3
991477 5001 38
834587 113136 54
801646 157913 98
874766 67523 13
875335 86678 62
369859 54273 11
639231 21570 40
883495 95414 43
720769 69225 58
389495 495529 48
60590 374528 60
811629 125257 52
421992 471710 96
978170 13981 66
620353 242560 79
289132 606132 80
878644 21379 55
521483 230408 10
607278 34958 79
104460 465517 77
191795 7343 54
589978 2592 68
152669 457262 54
967452 11923 16
951171 40955 32
618091 70836 84
735534 51557 96
416513 389638 67
530687 226121 63
618288 167303 54
935833 8948 14
298730 471026 98
906148 89249 39
606159 275946 15
42812 734505 72
187863 393242 81
562827 409223 71
904730 17589 79
440543 150686 23
822318 129606 81
479507 140471 93
783931 157871 2
376501 327832 100
692650 196914 41
800017 48301 73
682668 305599 40
5669 823800 93
154486 361974 98
424019 92378 91
136771 729724 52
187106 335203 86
239244 683316 35
6615 81834 24
173756 369680 37
139051 791792 100
563380 117391 31
719186 49266 73
697145 26270 42
739603 230837 17
129191 335550 84
189655 726788 30
374597 578212 49
580629 190057 10
103696 638115 52
550065 250574 73
374373 88920 15
206315 114009 74
530199 302509 29
57358 80200 15
12843 715354 52
461998 478157 88
799348 163111 90
838378 95866 13
948912 18365 60
334566 613890 85
748817 82101 95
982295 6138 58
275453 571138 73
523397 105674 62
667341 307819 81
832125 167692 69
514068 23925 66
693944 152710 81
375284 555735 1
251490 358195 93
354699 143111 90
201601 195429 95
867505 10234 62
861684 11890 52
9644 55811 22
611315 262866 72
122918 661811 46
83281 208582 55
660568 115753 85
419362 310459 60
993775 5195 58
801108 65557 57
415625 314095 88
520286 316764 29
561074 375918 28
406853 512873 80
605973 137820 68
357134 104566 42
528625 332271 15
568140 225805 85
812282 34063 97
475970 518899 95
473517 270388 8
276277 403462 71
186140 804718 97
402364 590085 16
786940 6929 27
411772 526049 62
36719 383214 88
330918 430430 55
648680 144202 1
46443 913310 15
814988 7829 1
633623 285189 8
696904 227841 30
2707 383736 45
614412 3490 92
89854 627685 28
662031 301011 8
704098 106134 46
411912 116885 76
987817 9894 70
660056 249913 46
836785 94905 12
564274 418145 42
30506 272080 11
565345 330020 56
437658 112341 84
414423 341953 80
537498 343641 52
351040 604727 92
95248 58474 48
246175 740624 39
83775 675815 16
330535 641895 92
889217 57135 58
672596 86931 32
707420 282695 6
44264 666408 61
31245 53615 16
71708 926124 52
562826 387355 93
44814 732304 20
482814 516115 71
685015 143458 80
715022 95579 41
781015 138060 94
422285 350569 94
313604 667811 88
747660 103565 56
722395 127156 97
562393 39611 76
939861 10437 26
754069 145796 42
746375 137589 89
308049 371029 78
943175 52688 75
633146 23493 44
454984 507500 56
550186 144119 10
446229 14934 82
473239 2811 24
719834 272965 8
636535 163665 87
392467 236609 34
976090 20240 98
709200 241938 68
354555 108893 61
269878 655505 45
945428 45037 8
705703 152022 28
929272 64142 69
683945 240381 41
653557 245314 9
692652 36215 86
99147 768513 7
664142 226677 63
84996 123713 48
590729 108229 72
544083 46180 4
881666 110962 48
302843 627191 82
545940 300315 85
176157 567475 75
223255 580617 51
190591 705907 23
612094 59312 49
107475 689254 35
246030 358289 42
105150 320963 8
103438 580007 79
782442 172838 59
976760 12525 88
770780 73704 57
23574 702987 39
164182 145040 18
473782 392451 99
502901 26487 10
183371 776827 43
580165 130443 53
725195 273058 90
452413 508108 30
431781 122836 86
327811 401424 99
721518 91691 20
7458 376105 44
161385 425777 18
185013 584486 18
530627 363791 7
595835 7981 79
875514 79397 84
842607 69262 83
574708 345435 65
882854 24011 13
764736 127502 89
903111 5722 39
745392 75401 84
17347 281141 36
367821 424356 85
287723 335669 10
88716 464471 37
930480 33062 21
876269 115731 26
151591 617237 58
878049 38968 61
804913 130323 83
868746 79651 61
833148 118887 42
401374 584628 22
241624 227643 61
786420 100852 38
900521 76266 42
938720 54677 80
399792 275821 84
487763 152878 19
855385 18420 34
962985 31539 6
643992 109036 23
915161 84783 68
830300 35044 84
928921 13579 89
919833 32198 3
914362 60429 19
605334 348874 22
300687 620280 80
629534 138871 32
571262 111100 28
531471 161258 88
342565 43070 73
998345 1338 73
617064 207375 68
820375 12292 18
314930 178304 64
781995 144934 36
603398 272569 10
100882 72511 34
529956 153842 95
999464 308 51
155769 605074 74
209784 769457 85
212452 77599 34
557408 334711 56
493658 307554 15
211510 8225 67
256992 208010 51
20857 735107 11
190934 760025 1
430148 8951 5
469904 418469 75
496991 102240 48
595144 92971 83
180442 584865 51
737044 26402 15
887162 96097 49
875269 94599 70
223850 477852 94
234995 617759 93
481358 220203 92
702702 204303 86
858042 114868 12
609654 73102 58
503953 167904 22
559370 253157 8
884657 104266 96
892449 100596 35
354281 236557 6
773603 65937 31
411292 437203 48
508958 282494 72
288625 515566 77
481091 305443 13
968582 4615 38
77657 408320 56
579594 349966 90
512244 110666 26
840367 99475 59
895509 20197 55
870025 39102 72
376268 138278 85
890374 79865 62
294591 17047 83
490421 92523 96
912902 50545 51
237116 244880 34
490235 147494 28
604034 258043 64
504325 6826 83
911107 2544 12
956064 40206 92
887532 90772 61
642818 68911 95
119354 580517 51
423249 411047 60
60919 386208 81
750105 145081 5
769119 139663 29
764912 171175 31
815620 124927 9
596556 280782 84
161420 515862 41
839198 86822 2
766366 117023 91
465747 46018 98
265914 231429 49
61491 122131 49
38297 151245 86
774629 93413 57
282828 614590 27
320957 290695 71
203906 126932 29
184762 53209 82
755063 39653 83
374280 518851 92
618500 245330 27
975741 3938 99
197622 500200 95
965074 22529 72
604341 355259 72
344834 182728 4
625442 324169 52
130989 611807 79
496139 160377 13
454799 492026 67
138893 523162 14
515219 293161 35
757437 21075 5
448419 109355 52
432308 144796 31
860330 75052 2
898634 32147 37
894560 40704 55
501025 145318 6
630038 26872 87
871364 80021 83
401613 200763 69
827993 109896 62
539619 443167 3
924238 26974 48
862873 39824 60
174599 7615 79
505666 232206 43
344490 385521 74
536368 234553 38
182286 669338 54
507925 323523 49
522260 54319 49
965604 31774 49
520880 445253 65
824101 175582 66
101828 95450 94
627416 327166 8
227549 709830 16
636626 270519 33
282392 361856 63
603771 249462 66
509419 437023 56
165871 481831 98
19262 768603 75
258221 290933 82
900410 35544 67
259743 315054 76
367746 336446 81
816818 67202 29
573784 133259 29
997172 763 23
514609 429134 86
194323 57089 30
643949 216608 44
726744 240058 13
585129 221894 56
56760 614897 21
774544 20732 73
611765 200642 83
554903 101040 53
600214 46114 30
895827 5325 55
849207 148036 11
228 569766 78
190075 376976 11
972910 11375 19
866574 21730 21
105586 839948 15
657342 147700 96
793454 60454 88
61812 144948 100
73774 170927 76
798894 23161 91
543721 310824 29
268356 407778 64
675847 180903 61
215128 497114 46
310148 496772 83
170956 761843 29
489970 43065 53
805179 186257 45
219883 181920 79
32114 541471 18
225987 311649 100
46459 163952 70
585913 287984 36
849730 41831 15
995545 2127 90
143131 270494 74
416937 258051 35
500589 375719 18
307542 79583 47
954338 6668 62
199233 198248 50
5512 478227 29
323034 520377 48
766330 118567 60
918940 22016 67
798827 97884 56
644313 328789 11
419405 502316 18
271433 620584 40
500442 445602 26
935858 21415 52
358924 201811 71
873352 10781 35
154904 247033 97
4989 217726 81
458320 416157 35
332222 537974 80
677330 315554 91
218826 16992 53
583177 114422 88
313183 87747 43
323059 632123 93
877399 120949 76
823271 8234 49
165345 396679 93
54801 742362 69
385931 80932 71
29446 699842 15
859385 17858 45
956566 36657 19
825536 4347 47
513358 224061 66
612812 375289 66
528335 21137 57
905965 67831 68
623272 314317 86
710378 30860 84
197236 779426 21
728273 194679 15
795514 203008 27
682546 182830 16
789042 119653 94
934356 49352 7
304627 664670 85
753876 64887 99
614595 1314 26
180842 521387 21
270417 606676 38
287995 256125 8
296991 264780 18
836566 53715 92
631528 178183 46
536021 405970 47
477450 93609 84
672303 275989 55
219466 563158 71
480748 253078 33
114183 346944 13
635336 38430 83
435408 325984 34
187869 378773 94
599073 237540 75
567514 377913 37
52862 489727 97
153779 686280 37
303064 684666 68
237158 350818 54
320355 415739 88
892820 20795 72
94077 890047 44
64356 886837 14
65447 41640 79
807115 56866 26
30132 635273 6
323372 281029 45
766304 172945 29
534944 173276 14
732271 93006 76
274929 119524 70
229424 117724 54
445620 52950 70
103146 506788 48
639629 101540 81
100388 727189 56
983642 14290 16
319579 93134 3
399766 18119 72
605730 102762 26
74225 489262 82
431981 394957 38
509611 210612 56
260963 474016 100
696881 6978 88
838839 73304 96
126149 175340 56
684083 53517 34
272091 197125 75
744329 240281 67
827963 131760 40
916205 12825 24
307652 583883 15
641115 257169 8
587147 344600 36
87986 113107 73
205595 545425 90
572351 242120 72
150937 482582 54
240953 425585 97
468496 434986 47
235826 751334 41
175103 644230 59
517951 383216 25
918023 72642 1
202102 512871 65
201113 623603 56
332247 271691 25
611330 375163 25
518267 338683 63
423966 556043 32
609737 288335 52
286397 577979 21
782986 128243 39
313496 307423 35
698458 10476 52
971764 246 30
292276 192921 53
990498 4857 33
344237 410940 14
126055 640321 40
561210 143773 68
42914 417520 72
130530 103206 39
177688 628448 5
469589 211436 52
616172 149178 56
182079 648470 89
169920 614897 59
920175 22528 45
551229 350467 63
209711 144042 51
204797 338733 46
952525 39319 34
495479 257238 81
277054 506140 49
816521 67604 3
14656 743113 90
622620 50486 75
221373 598059 19
602643 295968 29
641283 351589 5
301800 445448 78
577465 97244 59
24243 19328 54
454696 214702 10
921674 16512 60
825843 43349 57
199261 629151 71
207378 720447 76
766950 130899 21
274575 2267 41
559076 253464 27
409401 491842 48
377955 267521 64
435295 392677 7
594923 283593 77
147692 701336 35
843222 69815 12
752850 30380 73
806065 6817 74
745037 129583 86
547118 61333 40
41854 255807 19
137664 836122 25
770301 197134 73
555385 339399 80
704074 103154 33
429814 164429 81
886229 71903 60
767937 28274 89
950554 22742 11
970321 25599 3
528878 28797 67
217621 30464 71
66808 334293 1
296233 430004 37
252147 515008 20
709795 156135 33
429654 232567 41
702801 113251 73
380298 247394 40
821176 83241 87
187954 738593 66
668803 257906 46
363216 180605 76
418728 332009 69
466490 106827 7
751177 151603 25
453170 66582 92
721396 235843 56
741939 78474 48
526066 348530 17
980475 14428 4
541656 291912 35
816102 169927 55
660458 311736 52
814370 85206 87
704942 156408 93
413509 280863 65
344559 1972 33
342827 190015 31
965041 13618 5
364096 583081 54
656569 256278 15
749430 155478 54
791597 39002 21
515305 178968 55
19257 863874 93
714634 242039 1
382140 360522 79
567961 350223 12
380359 40524 5
990596 1562 89
755494 187405 93
508707 136314 5
480040 26899 21
261990 23203 36
216964 457966 56
111526 119081 43
685089 286043 6
751936 190409 21
136246 561568 42
496651 213197 4
888566 51418 6
124800 382806 1
789544 62992 42
780604 172779 11
140771 806121 81
113179 467770 60
777072 201303 80
951593 9315 25
810297 20918 90
433950 153384 12
46816 861074 46
368678 519771 97
319394 657521 3
645077 132249 58
498860 262131 18
448409 140261 10
281265 235889 25
320501 429964 70
717193 209045 80
623918 335764 18
934202 42799 91
952103 20316 56
513804 417468 67
842589 135620 7
783684 24764 58
157961 332914 82
288690 46166 32
200340 697805 64
569324 351806 35
378963 111608 34
849857 44765 72
729041 63450 30
918859 74799 12
301067 11091 23
43194 11644 89
226218 252749 50
694893 164699 15
355563 38857 38
424882 48965 42
991537 2478 20
324712 618409 58
926337 4420 32
550327 379206 40
407595 118443 96
261053 531475 90
385368 463127 13
593213 300588 54
670445 132064 90
126563 839145 39
92265 589188 81
258758 706950 98
577281 40415 55
389648 53512 27
224558 393520 50
410032 401993 86
732837 140581 62
205816 471877 43
162009 230204 63
908420 73082 39
807083 37468 43
619777 223367 46
572601 385252 88
314986 331722 72
228016 27699 47
529188 317117 43
416168 275915 59
534576 137472 86
240876 685347 18
560065 170547 92
743334 19030 66
18006 105048 100
709050 89226 97
863969 85247 59
720169 129704 24
535445 47810 51
505633 377245 47
106183 416605 83
457447 514117 15
476281 522241 18
841581 74394 19
233339 730220 51
995298 641 93
73205 178654 99
682425 84321 16
155105 774290 83
713630 75983 13
779364 213433 97
303066 134883 38
820157 98064 12
162201 231816 59
486390 40566 43
130626 72662 55
253220 643577 7
782099 158757 50
534288 238734 95
922425 52947 8
373716 115180 28
569211 368223 72
800122 52334 61
26793 584787 25
525945 303954 38
741967 58464 88
162085 785614 25
38005 425949 22
885026 82962 86
541732 96727 89
350350 367182 57
928317 37530 90
87925 881041 41
104493 555344 56
484259 155030 57
71236 453844 78
755138 165919 15
68397 49205 63
34566 866923 27
571312 230285 58
934768 50341 41
921660 66156 71
581921 58502 59
446317 187881 81
294427 194238 17
384967 470280 23
582274 273036 22
460858 183068 28
374120 266282 83
414831 184833 86
607324 34451 23
570006 217466 59
379280 535859 22
133690 334769 58
103212 348136 43
904892 43391 20
589468 263781 57
266800 185320 94
174689 789524 62
293620 117999 70
285976 38472 6
903180 45719 41
746621 211315 1
422242 219623 25
59963 195027 48
422732 91320 8
792988 77198 45
158294 468341 68
791097 137583 26
444283 492523 1
666172 177360 1
993317 4654 86
36290 102736 22
462377 438982 39
381053 284278 50
389580 46884 84
125744 135903 34
327140 619802 74
919526 26024 79
531225 62878 44
532758 13744 23
960039 22952 60
917348 73904 94
500453 99224 44
442841 186084 71
311455 661710 49
432548 178967 43
910389 13617 52
501738 158727 97
675222 278666 66
721429 75977 38
746721 51657 67
848157 72900 87
170570 239290 31
289371 128929 22
675905 131914 91
886495 69523 28
764924 1467 70
484794 462853 2
219219 153747 78
843987 125280 100
181068 506463 92
674449 108676 81
469616 51529 65
397590 247356 18
958931 21719 99
989605 3418 95
278782 597934 10
551433 250723 96
311279 581825 98
185714 615413 25
895496 82569 26
205828 231896 54
500862 191643 85
304929 275549 77
694083 267042 85
973017 6541 46
456077 176373 5
736890 152647 76
156396 35450 86
327867 537399 5
352050 110504 1
647580 145722 73
537781 5904 30
258677 253070 84
892668 83957 66
716456 74913 57
479750 500500 59
518749 15192 97
36129 847399 54
180792 588466 31
137192 706197 95
69255 255178 64
28527 60827 59
510915 149960 33
6528 991716 75
3217 848145 42
694372 35516 92
632496 232580 65
623577 81380 55
944678 23422 41
756695 41510 51
414947 47877 21
557121 301600 94
842323 133466 23
430282 32968 78
69549 890931 32
230205 471572 13
84622 634417 58
35710 546424 23
284334 301237 87
890124 34093 32
838635 7738 52
86276 46716 24
545579 235812 20
152250 237711 52
858683 107428 88
421267 13711 2
484732 189577 84
178571 707546 5
58553 112595 41
425243 30109 7
835637 61862 50
829727 101913 68
413317 33332 96
374362 208164 54
306947 217992 97
154037 358805 17
536514 157135 20
631509 364750 13
661588 89368 83
467757 476748 1
630243 10084 89
99612 132271 51
59979 520252 67
937950 36408 48
559921 224389 55
819735 78070 68
746875 43199 42
352546 370427 76
448945 428273 41
670687 123866 37
817736 119827 53
101413 400661 11
369427 29171 63
307016 680713 71
39792 651676 57
41754 231482 13
805157 46201 80
64046 86177 97
817602 13449 82
533958 331145 10
780198 25399 54
4110 561653 28
178256 102785 86
738853 171724 85
516183 405580 94
768200 25333 39
336148 236462 26
871674 58530 32
508289 440353 58
56131 126709 28
505650 125276 71
991777 5025 82
463759 371288 30
813045 14106 28
470629 52242 86
845257 19027 63
891886 41011 36
132574 46571 68
394629 168449 15
675566 160870 100
11535 432124 19
540085 344253 30
213175 288251 60
753556 130508 27
318808 135038 11
765474 88454 33
12354 883738 89
145892 214406 91
520258 290189 29
227465 190723 69
780144 185280 91
995369 2310 38
238690 513121 81
831897 153777 15
645481 154254 38
86350 516908 94
475516 217774 69
258224 664594 3
962161 35375 22
796439 39309 80
50935 177371 48
723839 37162 97
618804 230096 4
985881 10827 36
783424 89752 76
541394 246313 24
108418 297341 57
282756 640250 66
377736 67866 24
507944 248805 40
158629 410687 92
311293 533737 68
813053 86371 14
545643 103977 69
385823 516238 35
430314 181439 92
565227 91724 9
10868 585820 53
286590 133295 83
836343 151529 72
631821 62172 29
679423 314322 20
606847 253700 27
796436 33977 84
574041 399409 61
722997 157599 30
768899 137239 84
729584 58187 71
999119 141 19
635058 45832 80
876738 95748 59
324231 226769 65
655227 257324 39
404775 353321 26
14738 825690 84
490027 329308 71
964265 17624 60
239312 194334 92
106551 794506 32
533961 89676 59
548604 331902 86
655004 144147 74
577009 210501 55
520058 244079 37
541927 434583 23
666352 30976 90
847863 24280 80
334799 81639 55
982333 4732 23
353568 238069 81
239306 639258 83
292663 511359 27
175955 639219 30
346184 98077 34
542622 51254 11
178380 56972 5
30405 128891 70
347771 429999 24
434284 525754 72
11958 880818 47
854754 111175 71
573965 360390 98
561036 248386 40
767701 7981 91
610432 139240 77
439775 457143 73
160977 820991 66
351105 8487 63
182237 367754 3
524905 274760 28
467532 36986 3
83368 717054 18
539967 50888 92
233972 719826 76
575263 355741 26
21544 507006 48
490535 328796 45
743215 205622 4
603988 303844 56
499834 163872 67
265077 411596 42
301615 683062 15
563983 407939 27
540326 432941 60
66993 419217 86
468990 88750 44
734259 133143 8
566374 239720 38
692939 182127 68
181782 553233 90
61695 84287 51
807994 174794 18
812406 174217 39
423832 250443 72
194354 332114 21
179205 140317 64
618154 253370 88
722067 16665 95
972607 5007 96
176633 272136 90
824409 145619 71
374943 162133 90
277309 226977 88
135703 639410 13
114438 7450 69
633344 333686 9
650037 244323 31
146692 217392 99
44517 189009 36
393751 228867 79
667456 60828 2
228861 122710 31
880023 26645 22
974302 6897 54
356181 70630 20
54973 198958 58
192698 64474 73
216944 14927 13
388306 601923 64
272211 443647 76
817592 6541 7
998930 711 76
564315 212435 2
7284 628677 20
588013 374500 92
378260 538673 10
311723 316244 83
597434 64035 61
476570 452082 56
720557 11955 90
969634 14598 53
586549 308919 22
7751 28255 16
133980 561969 93
73987 607051 3
889306 74752 86
330554 396290 73
191140 699426 94
311731 390212 14
755143 241164 48
938331 17725 25
393676 144541 86
116838 666906 42
133180 670849 66
567616 394485 84
947903 19204 46
291307 114376 35
866858 131698 56
247973 456334 2
838360 13789 4
57986 362662 22
802484 6129 26
721415 86868 86
100399 401785 4
524606 206338 36
544716 148320 95
269038 176188 16
720608 47777 94
960712 11628 58
43290 219532 95
381028 522690 86
41084 548579 25
484594 471185 9
191553 191651 72
196743 215096 92
849646 115678 13
199264 698759 32
255161 675805 43
459586 220845 82
89995 702701 26
842435 141127 4
841574 97562 8
569733 171534 51
265270 336236 61
793306 74370 56
365182 43248 38
949843 19323 28
511398 277392 59
321685 150307 28
371750 220886 58
792743 54151 75
346893 59951 81
481283 164708 16
416923 146229 18
410794 352385 13
933051 21921 39
458443 292705 30
469682 529424 40
403016 455083 92
231396 456189 18
480960 164199 62
546070 278420 60
78532 530255 62
179436 273468 78
275820 653946 66
835596 143686 67
404880 500561 83
479662 22747 19
554730 406045 15
478085 299960 4
993764 1779 45
314395 64624 70
752356 113073 6
162546 15946 54
202577 161770 84
713307 151722 26
79237 493238 70
935104 30330 86
355030 31077 55
272077 275566 12
259338 515156 59
671751 9551 74
952343 31849 31
132382 548492 75
234463 202823 36
18687 341682 69
843011 53092 43
958880 35539 59
491813 103160 60
393714 529048 41
415308 75970 95
407897 346254 17
80281 51383 76
315916 223098 80
724215 14768 35
108770 11764 69
803112 64200 70
996406 2885 88
714801 57021 8
466131 394070 1
247222 735525 7
905693 76495 13
594142 249120 8
977727 12126 46
600375 93378 2
133071 706846 56
352636 77392 34
111996 569486 46
731820 117900 65
591984 143175 41
647770 236859 4
769939 56833 18
552184 362872 21
782941 38026 96
867280 213 9
650446 90893 26
720876 89604 10
569091 42658 17
438019 17955 25
175110 184062 49
80668 422708 64
966996 25321 91
55461 10582 50
681221 184795 84
476581 140332 82
272840 698643 97
180674 119997 26
800696 4571 97
695966 302435 60
770455 222474 54
170243 566702 100
950161 45318 47
702664 194590 17
612603 95119 56
374613 498963 93
111385 197282 97
937584 25803 89
300048 67863 97
171983 354485 58
691861 240431 61
24789 670098 29
87345 101020 52
328191 405451 47
458212 288077 68
830490 138485 17
712387 214826 4
891165 48758 10
841813 47739 24
228894 629523 51
451555 164831 6
657317 176056 83
593361 222846 99
94804 857442 62
699060 102665 64
559449 400123 51
798791 1025 9
716644 140176 73
592375 256187 43
74263 649862 47
735777 211944 63
815089 152925 11
39646 397662 40
958826 36634 14
792767 66903 24
427138 136122 72
865938 34601 21
96347 727505 89
833265 34866 20
980107 16165 88
715389 106859 32
724873 165881 85
85504 665456 7
87699 309775 71
645497 235449 40
423860 495841 7
624767 11325 98
739646 166697 84
961228 30485 89
852665 81396 88
596961 55353 28
668765 272959 54
581962 249978 18
669257 277701 43
999674 221 10
63535 574915 1
348840 402897 92
886079 4468 18
229844 333424 88
990310 9082 34
296081 443062 35
550984 23958 53
485191 181772 91
981866 13454 85
602166 151151 62
977755 9009 31
230999 698444 53
687555 217260 68
273071 593258 33
385121 291890 11
340295 373228 79
226101 530108 1
152264 94266 3
596886 164815 35
857747 34926 98
653382 148288 84
754829 34299 7
97612 785502 42
464956 500844 39
690642 85894 77
845668 78998 44
399047 496059 12
733523 18668 19
991110 6795 56
796623 161103 72
331787 225831 53
740065 242052 57
931813 34569 27
11938 626122 76
41664 461425 51
915918 60979 40
819526 88818 98
454032 477970 16
686708 274750 23
51734 597015 14
229041 661126 93
81130 578548 33
527599 345140 46
885134 58221 3
699529 150084 65
428189 506974 76
47132 50611 81
491358 387679 85
234505 602524 19
227965 176232 31
280047 471008 10
660670 132170 48
57707 340322 36
257663 411744 30
788200 55303 40
774865 63204 100
709513 75376 10
924744 24594 9
781658 134810 12
446844 366186 43
484374 311743 100
599092 256757 29
712627 40167 55
274757 4525 28
509884 9762 38
201002 92476 27
979191 10461 70
736622 216283 38
707858 269650 99
329070 533848 34
609923 145990 21
144455 546929 46
545717 182804 6
707244 157910 8
45721 191814 56
847287 88707 64
982667 16182 19
966457 25689 92
881448 45564 23
298011 513173 63
656802 207048 94
640988 209057 10
930298 66755 48
741287 223946 94
519763 25816 25
868693 130402 68
707816 54478 47
443610 181789 54
38024 251159 46
20612 466728 69
785284 211318 80
775682 139331 73
398326 29265 19
782322 86761 38
766345 232577 77
443610 5626 27
162740 680510 51
57511 316140 95
77658 554064 72
576790 115675 7
176745 159210 13
942566 46997 81
996908 2021 84
580665 239628 91
566760 38248 25
10085 358256 47
992275 2908 97
225385 598227 16
955797 26704 34
917401 20215 70
645931 46703 69
813463 163124 28
431671 151384 75
688013 89521 79
143307 697059 96
396955 404120 74
60680 94751 2
604583 89228 32
447396 103630 38
170441 351759 95
357271 16253 80
633551 287048 38
962834 30613 15
647559 173684 44
290 763542 88
732991 132269 86
243968 391135 43
491054 470593 67
238017 3036 7
121649 786610 13
316132 52714 23
38666 293943 49
715776 267983 48
585154 51755 23
253449 484579 17
809573 43987 81
216464 89317 93
546381 87382 29
299420 191906 91
949628 23645 87
826904 170159 49
358885 175536 97
317125 497208 35
67057 435626 47
72843 244444 36
901593 72477 45
93395 520833 15
460469 59496 12
696280 139226 7
489886 394677 79
214270 525722 10
48234 324346 22
236062 44490 93
932046 61064 23
623249 266269 64
288176 342131 41
366178 171855 69
515659 240830 64
335255 335431 23
144276 366991 10
910244 78230 83
879104 77483 26
648529 134638 20
358599 436427 31
718186 67643 9
414025 285636 78
587679 149353 91
278896 417993 2
869453 114963 16
548287 141846 10
569307 231518 1
420636 478059 52
324978 82736 65
824632 145322 39
773028 140210 33
122329 824304 70
352940 294590 63
898915 7191 70
396583 180898 82
820155 26638 14
451627 48289 80
609637 275984 3
837928 77158 39
514726 98086 81
811499 34681 61
735964 65028 65
299672 436685 65
278233 67611 58
120819 50419 6
688816 180568 51
872267 84286 35
326923 532541 34
99064 220679 80
298854 221495 26
942770 55691 49
664031 316337 4
423977 22792 41
339649 529299 53
490021 299665 64
690153 142840 34
209202 196210 73
531823 277429 30
881218 90709 37
829565 49201 96
561295 34275 98
115921 65066 42
940204 13781 64
858257 67860 23
918232 28398 19
74867 370043 34
616331 161179 21
617834 74680 97
281684 588516 33
722083 200459 69
76035 847048 15
388883 68492 89
286945 67229 28
31544 952659 53
473779 215699 34
58903 597525 37
747783 227651 12
24625 407311 41
264907 46825 61
64529 510473 12
961777 2506 46
599524 19464 61
981579 3923 84
324875 50544 30
228469 177797 25
247024 428585 89
499296 228403 46
804348 1920 91
38806 315723 44
816429 6755 63
893491 6187 15
113316 537529 89
317114 184850 19
60390 25231 48
980771 8754 86
711412 55303 31
581487 290599 28
636777 349642 18
420179 99074 22
677698 183624 3
160323 657861 31
845287 103860 97
771671 159684 96
176469 568128 89
639748 82997 90
457816 512418 56
478926 41235 58
460410 154599 82
864533 60592 68
862801 28863 66
153227 296858 96
542432 205902 82
266341 593685 33
676536 132235 89
517618 210432 75
746514 226237 24
414207 569108 88
171248 673369 57
304484 420878 96
289520 481384 24
294772 283265 72
254074 577150 12
865328 16879 50
885676 16155 77
52999 521353 38
873470 103237 95
671944 280665 32
721053 2730 90
185881 583057 21
615652 309490 2
779626 105654 6
833109 69219 79
96422 149255 12
258804 449926 32
444520 417820 86
576555 279835 98
472960 351845 30
48842 163315 9
452804 355509 82
722521 165389 30
749996 52090 63
226482 489304 29
186042 440625 2
170530 385965 54
560976 221183 93
203671 517973 97
637317 16823 84
527032 312840 100
989039 2170 17
801942 117329 62
344973 54241 15
203060 293765 38
619596 192140 23
668488 243970 4
432501 188107 56
435150 90240 25
153771 650043 48
653797 266985 6
914247 83558 84
582558 398000 19
75313 84713 75
846411 38296 15
793981 195380 79
336391 538093 14
190816 790732 16
108788 234476 51
463457 266917 29
193407 217294 99
237012 235888 1
165537 415336 90
499221 332246 35
613467 323754 45
699815 157751 86
263372 238736 65
310306 638956 36
238909 543198 18
338079 111343 99
987021 4400 22
936581 27904 19
900594 68297 99
104595 382653 33
369487 434567 9
997963 1721 90
172197 757682 10
133074 752996 15
257847 212849 8
257820 588749 46
231824 761250 21
31470 332820 38
71110 258087 77
353924 368973 5
668701 202829 74
727413 147974 34
249274 587802 32
654822 236002 57
948236 11260 57
11938 388849 40
250857 293390 16
566833 279301 4
189653 196944 75
141252 274647 58
229229 527009 89
386992 593973 74
675459 200391 39
411395 68482 28
823854 129028 78
389834 509362 40
973954 25124 12
538464 356105 39
178479 552386 83
404367 79159 28
736226 87321 51
286761 361690 49
26446 632741 67
201792 603739 54
780869 149185 75
250087 431460 45
781986 80355 82
693976 57444 41
187187 202416 33
247632 636639 80
790680 91318 34
941095 19905 74
877178 97962 59
983470 3786 75
147992 428684 24
60179 187144 87
459677 373983 17
62351 376462 78
435139 255867 72
882447 63316 96
162414 695931 39
280448 131069 94
280393 273471 2
586873 317742 50
562535 221691 68
27789 825588 7
698343 83488 38
724197 231199 19
638194 281407 97
660943 128438 66
669655 287003 15
892009 36838 94
242127 606973 10
899623 73218 73
656411 248632 49
569299 369244 9
579784 301321 73
469255 288579 81
110069 865695 53
226226 488298 66
613375 159088 88
91752 725580 12
695339 289787 18
829230 112328 24
225204 638849 92
647936 81628 58
113298 755547 32
923420 27527 79
114876 21364 91
315082 385965 63
474194 296288 84
379340 163389 78
737372 254729 81
434653 471931 30
969340 20159 79
608475 263942 42
28155 481512 45
641612 184653 84
321597 432173 51
59771 178933 51
826376 162321 17
958411 32893 43
448488 423464 61
576377 15062 6
649388 135554 44
900993 71445 88
881128 3850 93
666185 84205 5
496174 4850 53
311615 99170 50
560434 270378 11
732710 119664 14
399435 479416 26
123102 376730 56
257391 49543 22
790344 33505 90
186127 813662 93
232379 385084 93
32721 108917 94
836263 50444 96
907224 36463 11
985279 7793 23
865201 102980 14
933020 1446 14
557893 328819 49
673117 115072 26
182101 637386 62
293152 358509 85
985772 6921 16
793008 92755 49
331287 261910 23
841408 147507 20
705758 261041 70
576590 347036 41
299907 304174 63
764683 212621 56
291125 322150 53
703273 196597 60
460488 156660 49
99582 288951 28
812224 149823 58
406791 550102 48
340710 534523 88
545190 237714 85
96052 786962 1
505776 153774 59
236752 443137 65
616561 137090 61
167873 144163 59
51738 914153 92
566055 139163 56
561267 279814 45
770844 199926 53
893942 84349 58
644702 86156 4
461216 243235 12
189383 416651 11
948385 9915 36
659903 65413 40
507092 188356 32
80688 624730 4
96286 630658 4
327111 576080 35
372366 455608 86
348456 541739 74
510047 395548 43
325669 489723 86
709038 1663 42
951804 23288 7
887302 43136 52
438134 130789 18
201888 211892 57
424083 535389 57
648744 282889 97
195581 529299 47
73855 447749 25
596253 110788 33
42658 96103 3
40587 477185 46
27807 903631 77
727566 172363 66
655052 329487 10
575716 182454 83
767044 210026 16
812598 19088 16
302314 692769 52
861420 86503 25
8946 313417 1
930639 37383 2
316588 550791 37
175768 450555 70
855549 3548 59
465676 492521 84
922548 19085 22
222593 769395 58
326935 152169 69
67971 806566 4
813745 121997 82
305720 681349 68
6452 461229 30
161612 256071 36
460726 505486 57
875134 42242 28
647940 66529 70
802457 100594 75
351786 435744 14
552869 226503 29
861838 126368 13
650164 152211 14
404625 304706 93
731625 7182 73
152244 158096 6
266256 409940 46
857420 71608 90
3823 131428 9
915757 82530 58
230996 554611 18
656144 193766 34
853464 138125 61
171599 400508 9
72129 631096 80
963176 18959 40
312287 538210 39
334860 100598 70
462890 141701 34
424472 408092 24
723220 64035 100
583864 101411 67
827990 170380 57
799847 192032 22
884417 36344 73
881446 6205 29
508404 232002 53
664694 148072 12
334456 502234 12
494835 426987 2
80608 365968 38
71610 250485 66
829303 109831 27
935812 17061 53
502941 181931 79
129673 779798 82
907468 58219 51
890907 103438 62
240380 281944 66
49879 920715 12
879629 46823 59
172991 340352 6
673597 177605 98
64201 752892 3
203042 794505 56
259051 592948 43
51188 571047 6
524414 373175 27
830146 43572 96
192021 331569 44
526667 299634 21
805358 159647 47
651895 21425 31
328889 492051 34
235156 176197 100
360191 289594 18
661640 233210 51
777154 195691 31
702770 212398 49
261559 598332 42
831820 83974 47
325415 354383 31
8394 106462 33
400713 461157 19
404819 249356 78
238954 321144 75
739188 102927 100
746255 201439 69
241732 629963 100
486266 373167 6
378657 292950 27
585052 251133 5
962194 18693 4
2173 927524 55
933671 29804 41
509997 155299 80
591248 395798 8
816055 17381 86
403429 325190 2
603852 275516 36
553412 291161 79
809591 176010 29
182150 188700 43
486875 496767 97
297932 342336 90
58473 226395 11
624190 98481 31
6668 571687 92
291110 708024 43
402154 148916 95
925779 41340 84
411196 402173 68
10287 186424 17
2677 969171 4
538810 247369 58
12998 660544 80
169049 192559 39
864924 109574 86
968817 17830 87
657671 333273 45
211053 88950 45
352950 147966 57
409616 92652 39
947723 37540 69
398447 19458 29
315811 407905 92
794323 197926 84
794201 173697 49
455257 269132 44
308639 688429 6
857077 33182 26
530704 387471 57
912910 65983 71
747498 242764 57
756883 178911 27
127042 769587 19
107676 704329 48
299843 130161 15
121319 272685 75
34406 433627 78
602357 342503 83
80086 469349 19
458070 421276 92
312911 644590 76
210878 11206 44
695351 18601 97
37506 872956 88
599066 39515 26
372385 402166 6
706368 73561 81
277378 216063 29
158923 216829 74
778804 190857 7
205768 27324 33
551741 195450 92
729790 17246 2
40517 431161 79
98582 824685 52
321054 446080 70
915118 37650 13
357704 10333 19
696381 272861 54
905123 36840 62
153730 735787 85
540924 13344 36
767904 124924 33
70779 566884 47
840877 104216 60
42362 253963 69
402047 481538 89
781514 28232 51
254503 22214 70
645285 289398 7
