1000000 1000
59529 702501 28
684796 36807 56
798695 182170 38
962420 9991 63
224988 762529 55
338352 643798 13
49810 280801 59
194936 132079 33
174530 305185 9
392999 157470 21
339284 537204 78
555418 131946 32
898169 84312 64
464089 38367 79
173094 493512 56
848380 59515 31
833402 47219 73
431341 518637 7
317078 99020 5
653454 40643 99
254165 174967 15
512670 68138 8
782221 213127 19
412271 328292 69
611706 84132 33
345079 175695 80
993813 654 73
551335 405465 85
560271 261905 39
500089 240230 27
346886 489153 84
456985 297029 58
48343 329126 47
606585 83847 89
217049 720863 65
547290 47754 97
745076 203444 3
627237 336574 59
557901 8695 97
224419 672250 70
712192 146102 95
23189 23619 60
426698 398454 74
214569 672273 71
969684 9007 94
267966 182916 82
196866 738868 64
792696 8676 52
735614 11888 1
706781 113336 21
302721 223356 38
508411 338432 89
681750 303783 45
637708 189869 19
440818 162132 80
591450 59915 82
337131 230105 83
22635 436819 65
358952 140642 1
230899 349526 17
962284 4470 41
460537 226877 20
901634 49778 20
379852 453172 31
471528 6428 27
59926 564381 10
490451 441988 88
417885 46409 17
393785 521433 39
305149 27297 97
183008 109402 94
730236 114209 33
141843 19715 90
960050 39317 23
176964 503274 34
333322 530278 10
635673 264080 82
686181 132440 33
701546 286099 70
290154 164350 10
642112 260584 81
880610 56766 34
458551 257509 34
22038 271355 60
450209 199161 85
957167 17773 41
43209 455309 88
968004 10911 13
137323 410850 41
315087 560842 59
661014 198153 90
11335 79431 62
453274 159102 100
274244 275182 48
865523 59930 24
194716 406066 19
383533 68965 60
915367 21177 93
636267 291969 39
401359 426243 78
936933 58413 50
243638 656485 50
504922 455063 64
838081 22148 24
287734 625165 18
425424 369948 69
444837 204475 66
250096 647716 99
855152 45329 8
284460 682949 26
501977 402599 57
867304 66542 32
306491 241739 91
168839 30529 97
46388 85265 15
675836 107552 52
852907 100616 96
186954 170458 70
438148 377147 9
525230 226489 52
497881 356616 43
712743 131165 36
357173 404532 96
551128 425808 93
94553 680281 57
633751 126897 74
226881 92789 27
21664 397916 14
134641 365634 17
221816 221027 42
795642 202504 74
788878 188241 10
232682 212790 76
451136 205298 96
692217 13433 42
895535 39745 9
553993 292907 63
580038 338134 24
862247 100330 59
885743 10909 61
716170 266099 88
265728 51665 27
833388 100473 92
476609 280350 59
790900 80101 83
314908 561399 19
129666 412549 69
497536 166001 87
99416 541044 75
638271 104748 56
222202 241157 21
576743 200947 31
480608 271638 43
513372 446310 36
728875 53284 46
911743 6460 19
697922 10386 77
270750 190414 43
113758 100843 79
465595 211527 17
362597 188318 85
383536 361241 25
497119 326897 59
609790 334946 73
359257 295204 45
179261 65963 26
14821 574931 5
619139 349526 100
349309 643196 16
258505 82819 75
839340 8760 63
558692 274254 9
243860 311912 2
542225 54615 90
211259 48508 84
37201 954599 57
965405 1793 58
540643 99641 88
945882 4296 39
638561 282640 100
515484 442179 37
231758 635877 44
185374 442941 23
336474 24753 4
867886 119778 49
513108 353485 89
72062 719797 59
261426 172102 94
880735 108451 4
69291 371460 26
15588 810855 52
262695 49007 99
525372 231034 8
607997 221491 20
498014 89737 30
572352 408162 39
244370 326581 32
326295 386944 30
745365 94667 67
245085 453540 52
944438 51742 1
280300 47726 47
555345 81788 15
48280 525610 66
213458 230717 93
117044 147875 83
689145 245793 87
23392 426880 6
28543 115550 77
855422 80742 20
998589 283 28
983184 12095 3
684442 249187 27
694275 170825 48
853030 6361 71
13612 763697 96
610312 102753 37
790401 111805 32
922242 11927 7
581304 13076 8
956131 27887 41
994638 4654 87
90223 56065 64
643255 1124 33
261950 265914 53
729654 242763 56
295592 662490 37
763155 29883 13
74991 428528 43
87637 804853 99
349043 465453 47
306104 263716 43
150660 594099 37
200436 724612 56
903867 60837 53
319849 39086 40
268868 199168 8
54070 843752 51
45151 528994 33
471329 463747 61
680143 303767 45
424153 261498 21
905585 43427 84
582454 302472 35
455279 540481 12
420100 207826 40
738693 71512 93
188483 693852 23
809412 18602 2
806837 46520 15
364264 7976 98
765272 234208 48
540374 314161 6
282448 103417 2
934014 43471 73
673683 210275 11
371069 433299 43
476508 354612 25
334941 121218 66
914470 70253 94
157160 343238 36
479640 130492 95
325526 593290 12
876433 92688 45
173344 783419 78
179354 517727 7
662632 171878 86
648135 170843 94
582076 13049 65
666263 136718 85
997242 914 82
35534 61940 84
136206 465774 11
382648 569217 88
710202 204460 78
590743 54257 38
745941 50931 17
579482 330074 84
31437 611582 47
165726 64342 83
724160 272715 73
333081 440725 99
61341 332178 77
708175 277043 61
533602 242990 98
538469 114702 90
208590 325375 42
361774 561921 81
331993 640028 69
799916 62307 95
205811 155910 32
491644 104320 19
138304 799830 19
772053 39988 24
965358 32605 39
791190 175013 73
37651 49157 73
948878 46095 83
937538 8347 19
877724 31636 56
240583 316728 22
255230 477749 70
270936 118586 75
61525 520729 1
807352 29491 52
141038 177296 80
401163 244938 17
722668 250794 81
786403 49960 12
86768 633447 22
580585 233174 50
63019 565668 96
109917 283634 89
116717 588171 4
514736 411322 97
21426 120841 4
452570 368820 46
222780 298450 24
429547 487129 23
679734 93043 18
657258 158228 11
896929 32248 62
931077 32604 97
142713 773816 4
13022 5766 26
296839 663502 63
38422 615481 82
421630 195871 63
384155 516207 45
419276 360231 1
4392 632397 59
284832 275729 48
143762 526063 51
613344 142527 47
98064 716188 6
395327 450453 23
751979 210567 91
822340 65074 41
339508 103253 59
641417 330686 46
66468 88093 78
539178 82866 34
15743 303872 57
476385 25925 48
727047 255889 91
844222 17136 42
247645 567626 62
450893 215463 30
937636 24358 36
766575 68740 21
450250 46122 54
63512 322215 55
853338 27097 31
865831 49980 61
330310 494723 56
225393 349808 14
955295 42807 1
328786 138690 59
20255 705546 10
368851 259568 47
627961 81050 6
958670 2229 82
951945 13354 92
112564 568059 45
284321 182256 38
811535 123237 8
892083 61955 87
596389 11162 39
89153 121148 18
345776 419453 60
730048 244058 60
181425 729237 52
556467 262639 53
789025 107746 96
892119 17615 65
452141 547102 18
97814 96522 47
764464 88395 94
186764 688522 93
43659 883642 22
386223 449120 92
564103 349553 35
319060 361363 31
714409 72074 90
361127 266711 80
678286 185724 40
889902 90374 2
934759 39654 91
850262 2832 21
818937 121724 12
9541 778537 32
517701 365965 50
339833 13967 81
816851 66191 64
761160 148999 73
74700 773346 46
623243 309460 92
726489 42235 42
985096 4761 21
116514 470172 62
878449 369 1
44018 428526 66
212170 607146 67
556248 371968 45
28583 245685 88
397406 26343 40
655640 111216 8
734162 239842 86
655542 272231 62
133724 546648 96
571065 70643 84
428471 364280 10
926159 27552 29
861164 22392 61
885053 22807 29
497482 257105 66
661852 192226 47
986048 3386 100
600389 143237 16
5703 882580 63
473943 206053 81
783547 7417 97
27681 25011 57
535252 134777 15
631724 309655 95
229955 726849 59
320134 523054 36
395658 412362 11
304656 122783 13
20831 184748 38
354785 369111 26
639222 174284 18
753537 39958 34
207744 129844 10
932393 12840 46
528344 298735 72
663590 69516 68
123082 419520 69
41041 766239 40
626330 22659 17
478469 336278 15
809288 130994 81
613577 121772 88
30385 594488 91
274862 555576 52
107893 812650 40
632348 130605 39
537134 143582 14
449617 320404 51
933969 20575 59
846285 153276 26
408003 373098 85
82122 492103 55
35018 378260 79
921874 6348 40
688064 235634 33
872755 13069 56
963394 33365 41
397942 186582 26
408140 427839 25
436073 311251 82
203936 545523 72
815071 127596 29
970204 10314 56
620340 253537 44
999279 668 81
995591 1252 70
404312 12525 8
176007 665822 73
38059 813997 55
788308 45472 7
427576 474524 61
429386 237973 49
687825 43648 75
454471 467813 80
51694 137216 32
128013 539463 61
31035 733656 79
95449 836642 34
295733 1052 35
856474 129753 97
263201 85196 98
579722 299216 39
16562 262510 48
961655 9971 84
894156 8011 13
163024 686208 78
882363 82184 29
557619 246262 94
143897 436802 90
550907 300949 52
152746 405466 88
408122 368132 96
883346 64664 85
232514 469057 16
905782 81261 68
583210 270016 43
941033 37723 14
833457 94852 65
51531 63437 77
550394 109880 59
933011 237 62
886096 44302 6
569003 400779 36
398017 521477 48
320553 71788 11
34266 303753 100
902864 89169 7
250018 684418 87
597946 365068 3
551376 261864 80
35902 625555 68
597207 380724 8
857129 20674 29
49038 61731 28
4896 679273 52
931802 25920 37
444959 192473 35
938091 40642 19
980479 9698 82
92779 533088 58
75649 286020 24
316600 181663 87
30199 258260 89
78045 206883 49
231456 134222 17
110420 380649 85
546257 300273 96
955802 5517 62
619961 365295 82
253961 83305 95
753839 157641 49
571333 156237 25
901949 49648 14
261222 412959 69
446758 367780 3
477155 274234 68
692510 218003 3
247575 703606 97
439577 205323 65
826481 64173 43
332878 142147 85
451757 488086 41
534848 340860 86
234302 512935 100
538254 400525 32
598178 344576 39
439363 548801 7
38052 735904 13
126098 867842 81
503415 195415 59
605041 264922 95
927958 25299 53
927856 20036 20
352762 432965 64
647008 338185 61
58258 23744 28
796433 202518 50
980727 13698 4
918193 48211 89
911845 44194 9
234903 392319 83
321797 281975 44
825116 139340 10
433924 250089 85
51619 755679 94
91556 488611 1
755497 114138 16
780029 91423 18
103593 81689 76
377047 219500 14
857090 15435 72
292116 89660 51
196317 681346 6
212509 624327 30
941060 27540 31
531177 52971 98
301196 392619 33
229640 252411 67
36943 445393 93
882680 52247 19
324827 157790 1
812520 74531 10
703008 178762 47
50509 690290 21
473102 102245 98
642851 224796 22
132343 330884 76
335852 16418 96
278199 681668 91
725006 185590 93
29150 313679 41
48651 895090 39
764344 49676 21
534152 379148 78
929773 47607 12
165331 546071 17
101267 85620 93
128993 432279 96
877147 53642 90
504712 153046 24
498142 26792 100
220827 264501 90
163407 833433 36
190950 282054 50
157281 660129 34
140419 2601 52
890838 4107 13
224851 515330 77
413876 394816 100
723595 46943 99
138255 267437 89
362130 314893 27
903160 75656 63
606384 102811 23
87824 650864 1
294001 558437 88
429327 550147 9
726384 162672 32
143646 279349 91
480485 204547 57
587048 342273 19
539216 209701 7
523063 283762 31
100579 469822 33
846146 11274 34
989502 8692 30
506337 312776 54
553256 58914 87
430599 470630 5
718828 278835 51
650933 7760 39
694737 155960 47
414745 361004 47
856958 55946 63
171976 181241 64
68833 223439 27
287022 491739 3
862170 55581 26
245868 473171 57
28850 19496 40
956484 8104 72
789023 60392 99
399336 332457 58
440896 15309 3
867354 108148 52
867386 96867 38
538929 7200 56
518593 307837 49
847674 53249 86
84815 839563 63
678570 255260 9
496506 502739 65
533948 302340 89
680660 6996 90
611758 364356 4
607504 23992 29
330491 31969 34
416558 4364 29
80195 207194 6
52260 584614 93
119053 110078 68
691430 205571 45
210772 454961 62
544110 127739 47
297419 444832 99
289227 131804 21
679414 243228 51
695405 298022 59
962542 35257 66
460279 191727 35
963683 21930 82
136401 613609 79
50151 799741 59
512598 359828 30
782511 78053 97
530339 57514 94
165853 533050 69
169560 448151 35
655346 208256 9
350262 201223 84
330243 1303 87
558627 200884 12
750224 191003 11
276134 690124 19
817131 144801 93
404459 57604 87
647883 118335 8
670970 198752 95
63691 230401 63
177397 591965 81
721866 183027 61
996784 2585 81
374835 228329 23
20028 735617 99
497785 135002 33
204744 62510 70
183520 645903 6
80739 283611 84
617654 194356 71
500283 287040 11
74644 370576 55
863250 110381 27
64217 790185 62
932835 32344 41
300561 336311 30
671108 59468 42
421913 281617 24
137658 770363 29
446628 139024 83
896551 54277 54
415348 521776 93
725122 79701 61
596956 12375 90
646307 134584 47
853222 5379 97
129072 212518 49
558303 438056 85
134039 593883 66
445965 223383 86
471556 49989 47
72487 794405 40
302065 24130 38
858736 11834 99
788721 147944 16
941029 3682 35
848479 76520 7
251286 561810 46
275639 716886 8
979312 18616 64
572763 42541 48
605696 319402 75
947688 34321 42
123905 240352 81
312182 216733 9
958886 5588 1
835495 82014 4
633681 316899 18
101165 816346 77
475776 28983 12
992431 3004 29
640029 161198 74
982254 15317 71
843258 59369 14
993428 801 79
780417 56841 58
739211 159727 19
706708 99652 42
219214 446628 44
814823 9372 35
185698 210711 74
574381 87641 47
311745 458069 15
402875 593162 75
740536 139743 37
726826 148147 64
240633 449721 82
985803 261 34
890167 21588 71
406411 254368 2
927757 66172 88
483209 136653 87
330765 442596 46
717950 239635 17
19349 916619 96
23786 244369 51
983212 8834 75
347816 545027 52
279957 13260 99
883361 3609 43
187354 588145 51
616334 224067 62
284126 264211 96
152260 480428 66
916389 46247 83
817414 29432 1
651494 160392 81
209086 722682 64
262360 43277 99
732904 196845 73
116043 240037 64
975721 12805 16
804087 136132 63
202552 582993 43
297397 213214 41
914597 63204 87
824161 146317 64
196010 604030 31
211251 519919 67
211701 186040 36
389843 213111 18
8449 567586 49
394433 39204 28
698616 44822 17
642087 346698 88
221968 667029 74
580067 278959 6
259735 470951 49
633799 181401 100
19309 361958 31
461232 534961 69
379575 289923 44
605584 148601 3
722262 92815 74
636770 47749 58
106177 225825 10
750686 13710 35
726706 205043 2
848478 53577 58
72273 119422 86
34848 279245 64
111135 854927 18
361049 279755 51
823050 72415 59
264394 560953 42
74121 211007 36
582828 9899 74
2953 445681 1
553488 437151 50
130874 570099 89
968155 30305 22
391901 412595 78
403034 513265 10
322163 291722 39
708396 90620 52
218307 191358 97
897551 50326 43
334238 145624 71
772490 102809 28
961581 25146 19
635226 293768 52
914408 74592 30
737319 222331 100
686071 285119 35
950188 8943 50
835496 100717 27
795388 138339 86
404177 249792 88
448205 399065 20
585898 271424 99
289169 490301 71
847065 126015 2
701217 103850 34
259473 622240 51
908163 80405 87
901026 36863 43
170288 820336 60
587022 55522 90
444847 516712 99
91575 335009 90
188230 131900 94
731796 96196 28
238658 493597 30
436056 376955 7
291380 657287 75
91734 613149 80
520569 305133 52
796580 112878 81
914789 45143 51
478678 272352 74
506891 99855 62
624094 219672 92
598541 188512 51
898030 18203 41
62879 448120 27
373823 423555 71
684853 193553 81
11864 881522 75
592694 343420 47
859074 71634 18
650730 6913 29
257414 284272 30
419374 142393 56
517677 224581 51
27479 241850 82
928559 30829 89
7331 498623 17
834435 10541 26
760601 134786 23
778633 70536 43
107768 214016 57
934836 15129 82
156773 631076 2
590296 339502 69
445925 356696 71
267105 382124 95
78227 599516 10
453115 464183 35
714746 127211 1
953360 8107 8
848188 42596 27
270446 321912 52
412140 143634 37
569420 365114 67
957862 36423 84
835873 120609 19
307933 40826 64
422400 26193 68
540535 30129 12
907031 3275 83
124039 90148 17
360020 319608 84
454760 136560 40
108330 852891 94
426580 110255 32
541846 74904 38
910566 8830 25
136878 811274 10
500246 263203 58
29904 296227 71
902484 66643 12
556910 183729 36
686163 110103 98
433708 215777 29
372817 280222 18
92916 348357 75
872184 50075 22
262154 93983 61
354931 131904 52
334887 351648 75
624136 111559 99
433329 377072 80
954270 35084 11
567696 398727 28
887611 14429 10
960205 39638 96
776517 9694 43
258156 147208 46
368091 306933 47
19443 154587 76
509787 36647 75
150490 740930 62
527890 429144 1
958177 23392 27
555983 49621 100
144025 789983 3
641811 183750 39
540650 34234 74
590533 380876 60
237618 158029 47
760528 82660 95
168625 827942 76
811443 96228 25
944698 15291 66
917880 3146 34
702590 228379 26
148680 514992 87
275120 70580 20
914370 73000 60
642926 143336 72
716986 221224 37
138394 86553 34
197588 337084 11
720658 16183 33
901586 54671 36
355497 306079 31
134167 543245 84
270828 246984 22
961062 21280 37
104234 551276 34
178896 722660 54
668337 200712 84
536959 415471 47
773878 68483 48
207940 636107 49
691809 279187 93
23758 497586 51
572320 238811 58
564074 90458 71
250743 472315 39
529051 212461 70
12389 243651 7
44106 951290 41
109444 734312 27
311146 456329 85
677802 268745 71
954983 31717 11
275311 163465 65
239625 258001 43
481861 391051 80
216834 13451 83
69100 749715 5
963170 14516 100
795665 138717 56
89236 494102 11
578654 157372 94
38339 524754 86
410376 415228 19
824229 101552 43
928800 48766 47
206704 272364 98
897263 18275 23
362176 240540 97
830200 10531 1
56062 708912 52
735508 76605 56
215915 181793 80
823771 83460 43
112580 156870 31
609397 22274 97
