10000 1000
2649 3374 91
2762 2001 16
4756 4096 80
4678 4584 83
4578 2342 78
1570 5517 3
9120 288 90
3648 2351 10
487 9305 45
7315 2468 86
5466 2126 19
2407 4726 65
2998 2730 20
4608 1877 47
5659 3941 16
9535 72 81
4871 2126 69
7063 2005 4
2647 177 33
1975 2763 17
1846 7805 50
4524 4364 24
6097 2514 5
5981 118 67
3458 3516 15
7745 503 63
1766 3865 93
9808 42 57
3327 882 32
1599 1477 15
9135 137 51
5509 3940 34
8408 16 17
2156 610 29
1467 6198 41
4997 2323 95
3701 2075 59
7351 340 89
5255 4449 66
5742 398 7
2649 784 28
2012 7271 30
2579 5221 16
7024 2175 100
3328 2708 45
6070 2442 59
1397 1886 34
1467 8362 12
1889 6868 68
6208 3159 67
8496 867 41
626 8537 63
9833 136 20
7663 1615 6
353 225 77
7342 2079 13
4698 751 34
5950 946 82
6300 1651 67
4209 4429 23
7693 1187 69
4582 4210 49
4916 2377 50
3054 1831 29
7137 970 97
9509 420 29
6264 1469 23
1868 2620 30
1955 3943 38
3573 5351 23
8901 1061 84
5866 778 22
856 4894 39
9183 703 43
251 726 90
9871 47 69
3264 4171 77
9805 118 95
6531 902 41
5134 3096 99
9628 74 73
1761 6847 36
5914 336 97
6214 3195 92
6298 289 40
9869 22 60
4480 1397 66
1482 6562 28
3364 758 55
2634 2428 59
3220 4195 92
6256 1527 27
2822 3660 32
1866 2218 44
2740 1948 71
2462 7282 75
2944 3946 4
2303 5313 66
1797 3868 29
687 4292 47
1224 1355 3
3291 2627 91
4016 2414 30
8950 907 92
392 5433 11
8988 125 29
608 3482 84
8446 1388 11
9549 8 11
3738 3919 86
6518 3432 3
5833 2478 100
464 1048 31
6941 1199 49
521 4569 33
9530 31 14
6123 2113 64
2128 90 97
1245 3813 7
7864 1467 18
8748 1003 1
9657 62 33
1122 4570 55
6295 2580 3
7129 1797 41
2636 1264 38
396 7361 99
4260 1591 44
6055 3850 80
8892 771 84
5990 2663 24
5672 1369 59
2056 6314 9
6689 949 25
888 2040 83
7605 1935 48
5292 1996 64
5720 1900 78
1655 3728 23
6501 284 54
7061 980 81
1458 5731 58
1407 800 71
7962 504 10
6265 802 5
5981 1534 43
2233 1138 77
2181 5132 35
7081 1901 39
4194 73 30
1855 2768 51
2620 2974 4
8860 922 50
1652 5329 46
1311 2670 63
3599 4283 21
8741 405 91
3316 1157 1
1190 2927 60
4061 3933 6
7790 2121 83
1645 731 78
4669 2748 98
5792 642 83
6813 1666 86
968 4311 71
7343 1824 74
8253 746 85
9526 51 64
2294 7266 46
6896 983 44
2517 6336 34
5367 836 23
4986 3701 38
1638 4747 66
8337 216 16
2513 4498 72
8264 845 71
3622 6256 99
5434 1996 52
7820 568 75
7662 2305 20
2598 6786 2
1793 159 62
6655 863 69
4182 3742 70
8891 75 61
9516 238 15
8372 1332 84
9540 354 97
7538 386 53
3519 2432 76
7786 1012 29
4427 597 47
8881 422 69
8429 898 34
8555 406 55
6036 1955 93
3089 6409 98
1512 6971 61
4601 4384 62
9060 401 54
4248 5525 52
5876 13 68
1176 3009 14
9746 222 12
5173 4620 26
2392 4035 40
7845 1493 50
3163 3367 55
2685 3571 75
9391 464 19
3434 1294 84
6610 1647 37
4741 2253 13
9095 666 45
804 5579 44
7629 1486 21
3950 5126 21
1645 36 1
7306 2206 54
781 3817 7
7106 1830 34
8692 621 25
2757 3054 28
9884 41 98
6974 2720 56
5958 904 89
6392 2575 62
6162 558 56
8104 1457 76
2491 5664 75
1654 3353 60
6742 1591 35
7643 1922 84
5065 2417 11
7288 1339 51
569 8438 21
3943 3494 55
4709 5212 60
320 1296 60
7784 2172 91
1342 7494 62
7306 2079 38
5016 468 47
2058 1165 23
9192 208 13
1777 2064 49
5892 897 96
9812 66 97
5786 2778 85
4542 4557 61
5745 2080 57
5497 2896 53
6575 2457 61
8156 259 87
2233 4271 37
941 7039 28
5609 2780 8
6711 2823 41
3786 4478 22
7802 653 50
4668 4273 17
5931 3800 20
865 4815 98
9695 87 3
3319 1933 91
2348 6871 59
1887 2648 64
2506 6431 82
6256 3592 53
6420 1316 18
3175 4689 90
8674 1095 71
1029 4478 31
9661 336 74
4159 3304 96
3694 2631 71
3919 359 34
5725 744 60
2031 2168 73
1143 1366 44
6831 1990 42
3761 5395 40
2618 3793 63
2125 3325 71
8793 796 72
4822 4451 7
7985 326 79
2043 4344 79
4225 2842 68
825 7344 48
3037 3068 78
1097 4051 35
8465 612 50
61 2215 78
160 4283 76
732 7797 45
6176 2983 25
7180 1177 49
369 7507 75
712 1300 39
8588 1096 16
2858 2672 86
1826 7997 89
399 8141 39
5353 3191 97
7489 828 72
7660 1401 61
2204 3998 82
4221 4880 78
4381 2299 34
9125 197 10
7846 592 13
4588 2460 100
6783 2577 99
6340 2847 39
4668 1779 97
8562 306 22
816 3042 3
2457 1561 70
3657 2344 100
5250 2017 76
4215 3485 92
6459 3055 87
7651 1166 90
9740 188 10
9160 410 95
9438 190 1
1200 4819 74
5066 516 4
67 8289 73
5282 3059 81
2539 5452 5
4283 5160 53
8567 456 44
9201 266 53
7006 1340 98
9462 213 41
7547 518 44
2354 1201 14
1198 8232 48
5783 4040 24
3749 2006 19
4551 4601 76
6507 2820 13
7260 1713 66
3806 1195 75
50 3722 46
2685 677 9
6902 2756 23
2548 5826 84
3647 641 37
1066 3712 53
2260 3265 36
2707 6355 98
7414 2008 71
1789 4326 40
5910 1843 27
8281 895 21
5389 2993 89
7270 1492 50
5048 308 34
1874 1569 92
8636 1313 49
5659 3528 98
8556 1117 13
6428 802 49
990 2896 43
8875 234 47
5720 1789 88
9574 177 27
6427 2575 17
6909 132 56
4590 1621 85
3585 2851 49
1381 4203 7
2578 2752 17
2831 1868 65
6966 636 4
4315 5455 62
3366 5546 50
4527 1410 6
3899 4600 50
6126 440 53
4409 2620 17
2267 5083 72
7071 1958 100
4522 1354 63
5335 2726 73
6229 1956 15
7448 390 8
7764 510 84
7426 1370 70
5898 3462 4
9057 475 16
4076 4266 23
5256 2186 59
4676 4099 47
7382 768 9
9140 535 92
7579 582 52
6854 1895 85
6677 336 33
6955 296 87
725 1294 95
7980 69 65
3506 5044 80
4643 558 65
2739 1239 54
532 308 9
5366 3222 96
4410 5063 35
8380 1496 59
8826 342 20
878 7976 27
5214 4126 22
2372 3969 18
4033 21 84
3159 2004 57
5353 2362 18
1881 7133 72
3460 6342 96
8144 926 75
5372 3395 29
1385 5049 92
2489 3489 19
9697 169 14
3651 4261 18
417 819 49
8335 913 31
2397 6007 96
7222 556 6
5346 1849 72
1929 702 87
3768 3971 89
598 6564 9
4644 4686 36
9913 43 41
6670 1454 53
5694 1339 80
7591 173 71
3264 3656 89
1655 2142 8
3153 541 45
4772 3861 61
6447 2309 44
6678 595 68
7859 317 16
5792 67 45
4285 7 90
215 2240 67
2036 743 18
2209 3326 82
1878 8009 7
883 416 42
2277 5183 98
1046 2891 76
2021 2925 53
7894 2057 55
2363 3467 20
7587 528 3
9147 539 38
1163 4348 6
9184 611 38
5514 2683 55
8091 1838 98
6582 1528 20
5490 4504 53
8429 1471 39
4787 3554 72
448 6038 43
4972 3776 19
6135 3538 19
3000 4849 52
4166 4876 92
8430 154 99
7411 862 46
687 8727 42
8272 1392 55
3850 480 66
8033 342 28
863 7434 7
4752 1281 57
4616 2359 99
7177 1375 85
4392 1502 14
9058 549 100
9921 52 29
787 3865 49
6796 1618 37
2850 4188 93
4140 5365 91
2790 6402 72
4425 3878 34
4766 1055 17
4079 1199 29
5448 611 99
1369 232 28
9489 312 46
6870 2228 100
2899 3722 50
2646 1187 54
8218 1474 86
5656 2530 6
9670 241 80
6441 3006 60
5467 1835 39
4767 1245 94
7011 2418 6
6101 890 45
4103 3150 22
74 1133 47
2652 5159 56
5499 2405 32
806 1775 12
6799 2351 99
7797 1479 3
7027 1332 92
1481 3962 47
4064 2995 98
8522 324 10
9406 263 40
3216 5868 71
5064 4827 27
9373 420 1
9902 85 50
5850 2197 82
2927 102 61
1913 2333 64
5151 1683 99
3148 1161 17
4727 3683 27
9006 733 77
2519 4926 48
5046 4756 15
8003 1693 38
947 7580 99
1379 180 73
2042 3281 17
6270 1577 60
8988 832 56
7818 2077 40
1038 4128 56
6282 1642 53
873 5243 94
1731 6365 70
1422 8353 53
5772 2222 64
6789 2490 54
1363 8367 33
6377 1656 91
7699 459 12
9703 16 42
4070 363 14
4317 308 77
925 8566 57
8581 605 64
2232 7197 37
67 4564 100
9503 381 4
3317 5758 76
2351 3033 56
4147 1111 56
1630 7082 46
2473 2409 29
2659 6517 32
6153 859 5
25 8018 93
6435 3361 28
8478 750 28
3739 3390 98
7703 1830 42
8303 581 90
7036 2505 84
7111 1202 71
4058 3776 100
5970 1977 77
565 1243 67
5575 2198 80
6878 2874 97
6647 793 23
1972 5136 28
4377 4467 28
2507 1546 48
8470 484 57
9068 173 71
7751 1048 90
6538 1150 23
3152 3371 62
4005 102 88
9932 31 95
4981 3879 65
9047 484 19
9068 365 19
7281 1335 81
911 8269 77
2093 1224 37
3253 2243 90
706 7948 51
9329 272 30
4252 2399 41
9813 94 45
4701 3090 39
3598 333 69
4237 5308 23
8194 384 41
7746 1495 44
3908 3759 21
6562 367 53
8262 1461 24
4268 4289 6
7758 899 86
9814 78 99
1730 2576 46
67 1858 20
7730 117 70
715 2545 72
6528 1896 89
4585 1709 16
3871 1597 81
256 4508 58
8350 1589 78
8368 868 64
7730 1471 36
5221 4407 38
832 9032 46
4299 4284 63
2199 1253 40
9876 29 42
5728 3834 58
9705 149 61
3321 2822 53
9215 665 85
3921 61 13
2272 4500 46
7008 408 37
4887 4391 87
574 8216 95
324 549 40
5928 2845 44
9044 945 17
6565 3087 37
4756 1915 42
6826 1265 88
2466 2283 4
7048 1950 2
7734 1781 49
3521 1823 50
9322 159 71
2378 3671 61
4170 336 74
5173 2221 85
6461 66 38
543 6886 26
1597 4835 99
3104 1251 39
2862 5703 2
9150 41 5
6555 3256 40
5355 2758 13
4438 442 67
2597 7345 67
9071 816 95
2085 5665 68
3939 5956 51
9660 337 98
5343 3082 29
2127 720 78
9796 155 87
5321 1015 41
2191 6881 30
3346 6000 48
976 5714 27
7317 1810 25
3267 887 2
7616 1350 36
5445 2409 36
1605 1360 99
6447 3482 21
5522 3623 73
4547 1863 27
8468 730 66
8136 1794 80
2289 1023 70
9954 24 54
468 990 96
6834 1530 34
8008 1434 65
6469 1129 76
8466 276 61
176 90 89
7919 1505 47
5005 1522 66
8058 24 100
8885 990 28
2323 2619 41
1840 3907 51
9630 242 94
1796 7726 15
6471 2575 13
704 3558 84
4702 1389 99
218 358 49
9616 39 82
1502 6588 69
6355 3087 27
9347 199 98
7128 939 82
7178 357 67
8439 1030 74
4745 2678 65
3637 5266 71
3913 2621 32
2099 4257 46
3627 6089 69
6757 3022 62
1914 6787 77
8109 567 47
3966 5872 75
5194 16 38
1269 2248 89
5870 3202 69
8980 892 75
6321 3214 87
2985 6469 48
8250 1574 65
3867 1849 85
2375 6950 23
3003 1159 28
9799 138 6
3291 219 84
5657 2068 51
5690 3103 33
7235 2678 24
1760 4158 86
4916 658 83
9477 383 76
342 2661 59
9996 4 12
6286 1264 11
9259 104 99
8608 1288 63
5368 51 86
233 2739 78
3353 5602 14
1397 7532 41
3755 1607 21
8238 1041 91
1003 8613 98
4755 2191 10
9912 59 4
9455 354 30
7116 1758 10
5574 2580 84
6087 2927 75
5849 1663 94
9578 3 37
131 5562 37
5007 3608 100
6110 1754 78
7424 258 37
8132 1407 24
8346 11 88
3957 5560 36
8334 1406 68
4829 2941 47
2508 4499 98
8624 1174 92
7962 801 60
3384 4201 73
8835 603 68
3132 3200 42
1301 7514 46
7459 668 41
8672 584 39
8421 1543 61
5185 4018 8
6391 855 10
2218 382 99
4528 2054 71
6273 1044 40
9736 11 43
6539 2069 87
9571 208 3
3250 2875 51
1247 5503 51
9393 298 35
6165 3103 74
3163 1160 50
353 9269 81
1878 6718 22
8631 3 69
2521 5883 72
9818 106 13
8033 1590 6
261 3803 79
1114 2852 17
3822 4748 17
9826 122 99
4745 5008 75
5016 1813 16
527 5675 96
968 7561 49
2947 4294 8
2233 2139 41
2976 567 1
6948 1107 64
1952 4223 15
3845 2329 32
7848 762 4
3680 1523 32
631 9019 62
6370 3299 97
8977 355 17
1521 3234 90
6565 2692 40
4594 3909 69
3785 4263 15
4224 3139 84
621 8566 84
556 2103 2
2204 3164 66
9658 241 84
1131 6758 30
4283 5645 69
7325 2384 51
9983 16 13
9461 197 69
9195 252 91
8993 302 9
199 2280 68
7165 1 98
1193 5575 80
7006 638 20
8759 334 28
7363 2149 19
7728 361 6
8716 457 41
111 6043 54
9805 33 39
2787 1082 90
144 2183 56
814 6933 65
2455 5867 69
4862 1483 65
4962 975 97
5585 2554 84
9840 108 41
6932 571 6
459 7151 86
8505 1251 74
1881 3651 35
8098 770 59
1446 8469 96
7203 2304 73
7688 1943 88
596 4747 87
1607 204 24
5441 3147 30
4900 3265 40
6295 2878 18
567 8473 98
8679 1032 82
9905 84 98
8797 43 69
3832 2559 60
336 7464 70
2504 4366 63
6384 3375 11
7769 1287 42
3711 1605 22
9314 428 93
3880 4302 74
5103 3912 54
1599 299 19
4250 4888 37
5537 71 17
2726 2636 84
9156 406 80
9466 424 55
3163 3596 47
680 7799 22
1957 4372 20
8565 1135 32
7720 507 22
4407 5197 2
9964 7 43
1015 1447 19
4137 1790 45
5833 2857 30
7419 2440 10
9978 12 29
8321 976 48
6828 1742 85
4347 2963 80
1628 3777 56
2930 5807 10
7891 1517 2
9374 242 87
312 4881 50
5025 4936 47
8581 799 43
6407 3422 17
5646 2281 56
4155 1446 100
4957 2239 46
8196 190 98
306 4293 100
7173 801 94
732 8588 83
7441 1859 1
6664 1628 74
9629 72 42
4261 2382 31
4481 687 80
9500 330 19
9057 585 15
1859 2995 93
9431 111 9
7049 937 63
2263 7187 52
5802 475 50
7600 1164 50
8927 240 46
3553 899 1
3775 2301 17
2939 2381 95
6687 2392 21
4071 2603 8
8547 1452 30
9533 212 25
2306 3971 7
7408 2321 74
2044 5316 67
9842 6 69
9052 540 71
7531 1527 5
2260 4007 1
1752 970 39
6091 2994 3
3424 5231 29
7867 254 77
9168 320 45
1619 6205 34
5460 3876 67
9318 164 89
611 1595 96
5994 1315 75
5965 154 27
850 8791 42
5339 3783 23
1519 8185 3
615 782 47
5849 186 48
4709 4935 88
6153 117 34
7872 1341 56
5664 2198 57
9506 164 39
4736 3734 12
2759 2836 91
651 340 85
9629 38 82
9587 260 28
5594 3247 87
674 4595 70
1620 5602 11
5714 3731 42
6707 1075 74
6103 3879 57
578 5169 52
453 7685 56
3797 6038 67
8751 116 51
2418 2495 68
3039 2441 19
8688 519 78
9094 164 7
7117 1106 7
1548 615 2
4638 2023 82
1386 643 53
4149 2688 44
5523 4308 75
5737 2014 45
8980 411 31
7347 1714 17
9319 673 96
9797 45 51
1659 5112 74
6307 2698 43
4945 4087 2
4207 3058 28
2769 3405 25
1010 79 79
9326 567 85
938 1684 27
476 2744 71
3868 765 58
