1000000 5000
102115 750340 83
624699 174550 8
729304 209201 5
785762 169363 97
882545 72607 87
354429 167671 26
3397 58924 59
844515 135731 71
552141 88041 53
905515 18110 17
931143 33224 15
545364 250877 80
373241 136079 25
106638 417354 34
487616 82449 80
780022 36476 73
320285 70993 32
240490 530701 10
460273 159865 96
908290 16351 72
201928 98743 50
351359 158640 71
597377 68357 26
166389 362274 78
530833 437981 81
203640 350512 14
278105 283311 100
101029 255081 76
189160 669023 50
331065 512473 27
777116 181277 65
47010 158978 98
648285 120698 9
420553 117556 5
992857 4203 10
427410 73324 52
644262 248589 49
38265 803562 33
575925 94249 90
904486 90162 74
203477 552145 62
658493 301377 30
883775 7088 92
477829 308368 45
723314 246521 60
197717 303402 65
273230 118893 96
232850 325458 57
906208 42474 76
765004 171608 59
638925 317671 93
924823 16710 8
576095 37421 69
873297 37881 87
33612 820855 43
432598 349580 67
761563 81352 70
632635 90134 32
309978 277578 41
703874 278507 33
271772 644237 98
531803 205372 93
397556 83779 32
813018 127537 99
530669 50308 26
73515 789951 35
823554 54143 77
941934 54611 26
749579 79031 1
626975 63889 64
876029 51139 79
417141 6326 94
565567 412284 50
974042 436 92
918546 75929 49
458010 505108 36
213514 424851 72
569476 237049 49
541040 338027 51
381809 55201 44
208406 92578 74
61683 252571 26
336048 8631 32
417727 341158 45
408966 280481 6
803432 62100 83
726617 185283 10
99371 170742 97
810469 43243 18
579711 187885 71
407014 507998 63
853031 125494 61
812277 68983 97
323808 453549 59
636111 144636 97
569003 275647 67
252926 688774 54
786931 89356 83
537880 191510 72
494264 282639 70
7896 510107 45
450698 143777 47
245905 316733 64
399769 136080 85
726284 99045 90
599847 240182 15
325192 561539 65
482261 135374 84
699214 17827 6
362495 170936 89
924498 9033 38
450006 233704 71
88626 776061 47
906401 65052 30
749058 2394 76
698881 175596 17
649723 316543 11
614594 109074 63
824239 72927 27
137570 750838 50
562044 135798 47
143731 497022 9
751946 50567 85
563158 390899 57
666977 111620 54
968521 31012 94
897372 32192 65
574630 186706 56
946287 37730 73
338297 478343 65
472 812901 20
813563 40392 70
514242 430801 62
970632 27220 98
860864 88711 70
307002 439353 26
89406 298994 48
607817 142678 34
555658 227088 43
642704 16768 9
900712 73126 99
481852 340147 34
321649 617158 83
309229 563391 46
284954 73997 13
627072 88360 47
28969 806681 46
240853 635807 63
647187 143474 22
717626 185836 50
971696 6659 47
987947 11093 74
192571 156154 16
708292 242537 57
204844 337249 70
363581 258219 72
13603 406202 7
237881 230443 17
662979 305451 76
223279 193730 93
926308 27086 94
274182 31940 55
969706 10932 69
26534 355918 15
984363 9022 7
60412 644352 22
136129 519988 14
277707 454870 49
823276 75546 97
345696 292262 12
957479 1250 100
635566 211448 91
347587 402966 3
875999 83321 50
673913 99808 98
302991 531658 58
870389 10206 34
465493 204162 99
945219 28099 48
200742 254830 17
847934 115700 100
407071 223706 45
121031 503345 80
185896 607170 66
661431 234992 32
725218 210429 29
387604 407034 56
378586 110694 93
123585 96088 47
765417 66096 64
459148 396154 6
673617 100438 32
942978 24558 37
709987 264782 7
417399 413540 39
537252 419587 43
906379 245 46
686905 21282 33
572974 190205 17
622647 155122 89
111771 808121 46
837701 23214 40
272640 184963 37
192233 559664 88
240627 28473 60
399976 158274 24
580332 178490 28
709875 11321 45
305041 5387 24
890939 67584 14
91013 559827 7
116785 246121 9
255441 252974 75
388946 43970 85
317457 521248 35
784876 155947 63
140384 716086 60
176755 611213 66
819394 123162 61
470179 365928 12
79011 120250 20
874421 86907 36
420454 214385 68
824735 158992 1
183231 772460 13
147773 66312 98
845100 63373 1
478242 123127 79
282660 606149 99
188458 671563 83
952955 29081 54
503107 348229 72
990481 955 43
287984 326952 27
760254 228655 21
822192 90638 47
869796 124705 2
140402 229030 39
386225 390870 22
978324 13146 80
72736 587114 71
811598 142229 79
972275 4919 3
587334 15823 30
613393 92950 30
9632 756538 67
276183 12922 27
888568 60375 73
279603 658006 65
567406 264076 33
857592 28363 26
486834 330397 64
16703 340998 42
329416 488850 46
957989 3708 40
233792 440828 16
80000 808993 47
471046 307488 66
415692 536472 25
875270 98063 32
459718 172283 26
633749 314232 97
42618 382963 26
519759 127112 54
852883 142656 2
40455 411025 72
476842 163707 65
89515 143556 18
7349 22039 28
908931 14570 58
947183 26694 1
432200 345317 67
545147 333529 47
441698 32875 95
330301 570080 80
960937 21090 74
203771 607876 35
157387 265205 65
164904 702095 36
683295 107485 25
82736 660355 97
150430 284156 19
283163 49818 85
639404 174027 44
937365 36011 48
35447 641708 11
296846 350527 7
249636 84145 79
841257 75407 78
208458 358960 54
484555 504740 14
884718 74805 58
220682 381198 16
507129 209826 90
402153 588865 73
815573 78225 60
624923 214150 3
667470 199514 29
263871 625036 21
716031 23427 20
497380 456451 60
820960 144884 60
219729 444019 53
938304 33098 55
228018 456837 80
622448 339975 54
336602 590934 27
429147 69725 55
351362 68699 83
808346 98316 36
594988 361598 43
523354 28688 15
441499 94009 4
714141 63270 12
276403 22388 37
511909 79191 30
521606 439406 85
807776 21632 96
67967 125219 91
245463 512614 87
385594 542774 18
854556 82287 23
971636 19891 43
768941 88175 92
126195 313243 23
259521 508887 96
688780 33940 46
764778 180707 88
926290 26816 18
893784 24918 40
630786 62960 93
306824 460070 93
917477 4504 100
704418 119976 9
492639 352778 78
407466 118492 36
735322 190393 99
252552 380289 47
751482 224191 72
687585 150092 68
77666 311496 93
488316 330021 91
434045 299722 52
167279 350036 25
23791 775848 68
322391 171359 32
419915 298701 56
125828 527446 83
227154 721646 67
823301 51126 2
661557 185099 53
133155 768362 19
592473 28161 43
128569 787658 84
600567 100805 59
173774 167205 32
949936 14449 58
70014 431346 11
9601 228912 20
809333 38167 73
518107 268584 67
825816 86255 88
149224 320704 61
371473 296450 52
506072 173425 85
408926 189540 12
198302 307568 3
287704 167304 67
499095 172143 26
860001 9040 72
620904 110775 57
474228 262506 32
794887 155875 75
442359 180783 7
204660 373071 59
894634 61592 27
123431 261915 95
51752 370625 71
942342 28517 9
690334 84968 26
522143 211241 55
262477 17475 27
952812 31349 45
864243 4384 11
552849 361273 29
855700 126692 46
2814 740109 59
432670 2392 55
741392 96518 40
206680 571092 28
919987 59645 47
866750 90574 78
613539 92788 28
665192 67050 78
454578 162679 5
37539 386612 17
604127 252447 43
168812 181043 95
756686 68973 86
389591 126543 87
199730 772747 61
86431 602127 1
371311 156052 11
581605 150847 100
965094 69 9
11665 758711 61
420546 182123 100
22819 635670 96
557586 363574 66
500485 118443 70
522627 115142 100
310138 155483 46
512557 48400 56
998845 819 1
173939 431154 87
607795 142787 3
746987 105244 91
568424 234185 60
953722 22637 10
46698 333804 92
704175 210023 99
606578 194029 6
933980 54602 59
281440 118699 68
202326 60899 90
511123 232368 60
607120 161688 78
387966 97942 9
77930 164977 75
271520 635065 66
269550 202881 79
963090 20907 43
426959 421982 95
938045 4053 39
653978 59733 35
732527 187354 79
298499 129096 11
662831 65199 97
87268 525957 57
448270 339453 32
671704 35875 12
697654 216711 67
974391 4975 96
284197 22854 92
493943 116205 6
673594 172217 12
707630 131493 25
930369 54507 99
451473 506231 79
269446 30366 21
175936 779654 21
710132 14886 55
555746 144687 22
832374 93909 99
764570 3255 36
873775 87313 48
377668 285264 67
611209 12960 93
503922 228888 66
339662 311939 57
919215 59326 29
969915 12024 91
653134 263891 34
365416 288388 48
653975 96620 96
682849 188355 63
905805 41286 35
859727 31834 85
552812 421852 72
632391 68340 49
561480 58596 33
324901 82414 78
618558 295641 54
710689 227237 6
454437 218837 18
296794 614105 53
795508 164001 17
777315 127144 16
292640 602308 24
93497 708041 10
739336 100325 85
771353 178652 1
424164 38619 3
210370 513813 38
566204 352185 11
533773 183021 25
415479 383741 32
93527 523796 46
347159 217636 29
942153 21712 57
148702 93258 45
461768 282129 53
191440 308986 18
813232 104579 44
230371 389630 77
396865 315735 22
656138 309283 19
473622 495886 100
845194 117944 15
308281 460978 56
518762 429849 86
295726 194246 57
817868 34386 44
670066 71244 26
165174 568599 43
323767 41390 30
264525 50638 16
232537 301291 89
218666 579794 30
420103 297898 60
825199 72857 88
416954 185718 45
388418 297327 11
170871 746346 24
580191 29711 8
623022 159548 27
132690 120382 28
998399 155 62
185666 513057 73
181636 644019 24
169957 686913 11
664572 78044 16
868546 49581 84
226391 164530 7
752933 156103 6
928808 54777 10
693150 20345 79
255689 538465 62
599033 261751 13
990544 4310 14
528507 462662 35
204267 706668 25
643841 297516 15
294333 117389 54
476695 644 44
124583 381906 34
608173 105505 30
546683 42822 54
985526 10821 13
614375 167866 71
199995 622920 2
758513 201334 16
995439 1510 95
813469 56231 41
409343 448954 90
962279 30085 93
25404 507039 97
659905 297710 51
76816 776594 8
598592 98655 62
908701 75011 31
716972 266506 49
49176 927587 97
549610 354115 39
912045 23275 30
332049 459188 90
776847 27307 95
473296 432484 52
187366 655958 89
757939 356 100
181601 274272 79
132395 798858 82
713948 130053 51
320555 584869 81
782062 194696 50
181891 578069 81
529249 405021 46
159193 724672 66
930192 14309 24
463731 88253 81
916729 35982 11
620684 125787 43
38458 487058 32
881796 24912 47
408132 577961 6
185037 146953 73
81643 484968 87
45395 840024 2
468030 366648 19
590706 283836 72
832522 8464 72
605657 382880 17
616667 138464 92
986798 5891 36
142538 390325 26
915849 58576 10
363939 504640 42
460868 40968 97
933218 45321 51
211925 201704 38
229758 328942 16
920074 48423 92
265302 481851 1
486057 184481 95
378631 459240 42
248539 710039 19
112453 575503 4
640797 170751 89
526355 191749 4
844781 53472 82
618340 221589 35
450397 276155 14
76364 217396 93
185975 233101 54
33593 526172 26
687710 289052 73
636157 43699 85
226351 684066 72
271252 8477 9
212970 194243 80
75243 562277 98
796758 16828 15
598852 37432 43
542171 69645 53
159236 535564 93
921687 60845 62
385550 327085 43
43766 757740 27
402057 267593 41
618610 44112 26
202630 286737 39
187030 157374 44
882762 25846 87
313276 50389 28
963853 11695 9
182374 216998 24
273162 150596 87
206543 759192 69
97365 27413 87
171205 496601 49
272312 581895 41
113297 703878 85
604557 348926 29
229852 174794 95
867044 91386 83
50682 60211 92
85981 160282 58
346245 147276 13
438612 363711 34
339877 50801 82
295616 256439 52
952586 28386 15
187784 485724 84
334866 344657 6
268793 506049 60
777842 217929 41
262258 385789 55
224789 185311 36
776068 86537 90
316371 589736 70
385986 254953 4
781045 159707 92
641758 99981 33
138150 267564 80
335186 159243 85
132547 768690 100
124842 681236 69
529135 276891 17
209480 13853 99
590624 80888 36
172711 10856 61
99289 699746 26
774067 130036 35
247137 685545 89
783902 150617 29
236398 563742 35
163403 159231 89
7854 225396 11
424668 144816 48
795062 73915 41
739343 187364 21
159451 779823 36
782729 100484 13
375168 313796 63
236365 108824 59
634287 109689 68
274660 125270 72
41243 737714 80
417513 415740 49
447323 207623 20
8638 475608 69
31917 793040 4
491998 423970 90
655337 267567 73
297958 76174 78
223785 226868 79
462333 44125 70
662218 4811 78
770016 83254 85
782918 176971 62
465507 61491 97
365636 210759 1
112256 550181 38
679319 208350 55
111258 2780 17
572828 389849 45
157704 455979 37
672507 187616 35
612767 61958 100
21256 188150 78
277568 438730 28
131693 437397 48
693562 80142 73
257164 73906 99
263282 722742 82
422102 423050 67
238109 585067 68
818184 7079 12
916904 80495 37
645422 320073 88
644997 230037 33
948283 9142 73
520791 455513 77
149945 649725 52
781362 26815 36
754280 92945 38
794349 96496 51
80136 894104 41
94859 443625 7
224199 481688 38
254848 503699 62
786319 117107 60
427194 251269 65
769763 126790 51
778221 10766 92
782202 113718 77
402159 547284 41
271339 235023 7
13949 342081 37
414889 358312 11
446960 135082 35
418537 190639 48
689948 239029 65
675625 28390 60
793713 26257 54
454790 112690 15
856514 59384 54
254734 459163 9
184869 331254 16
779758 96303 39
630432 250993 31
137095 9152 11
504137 212836 56
610111 311148 7
937903 43335 83
553510 90618 28
437520 473446 45
579824 416460 71
261678 329393 2
347449 521181 8
70496 673362 51
654824 148964 79
498369 101195 15
879737 118956 47
636680 341092 63
106533 373795 64
273450 610536 78
775119 111980 92
931674 63331 99
741702 161364 91
224683 230783 85
576800 179991 97
193524 232742 53
541904 200906 17
563351 63651 60
429885 267949 18
995915 194 71
823713 103082 1
198005 89761 44
459899 383789 90
631784 219059 23
926509 36826 30
507533 215091 52
311973 223714 65
132008 109567 97
999538 231 4
513622 479137 80
669812 95684 46
371446 434365 24
310061 202220 83
831294 52393 100
556971 218268 83
896131 29424 17
599623 179280 35
239587 516421 10
704196 137118 16
873802 121635 28
343860 654446 22
203601 773770 53
750095 200765 36
189699 121839 69
614023 218724 34
487066 108832 56
852623 2018 26
1020 502022 17
792104 46774 32
977471 15081 95
171421 496855 53
628511 367731 42
949897 30912 55
622623 117279 65
499409 169060 26
952191 35406 93
571157 178043 5
210631 592215 97
66938 892869 50
10708 611376 2
318132 633136 26
602585 44755 87
608977 71647 86
2646 551838 83
723586 93413 94
216094 327605 14
573551 8014 74
553126 318797 73
591271 115905 15
627326 194102 47
20675 582699 56
993345 5057 83
953920 5891 79
833590 125515 9
114571 600054 95
893028 18576 88
860051 63955 24
108037 61943 5
339969 383681 9
22639 809403 13
243550 241116 61
910363 20342 60
538826 345568 59
899553 92336 16
24915 22496 36
234269 150517 77
347475 450484 45
577252 194906 80
620364 135654 95
853357 136913 63
617405 220456 69
248685 102916 12
383880 357478 14
806563 4619 82
736850 20704 97
997927 167 71
728162 196953 3
567862 303537 49
612586 349400 94
390485 537058 1
14079 78459 93
751689 122045 63
792068 110717 19
27498 68890 69
848813 71217 57
524548 448556 61
259592 597867 46
490975 119703 53
267339 193496 15
511381 150031 47
728226 92327 83
62408 193094 19
596470 229485 95
157508 326306 93
19718 769089 28
97640 748984 63
600608 356508 9
334529 537705 6
144918 780623 32
874202 3099 28
790453 22564 70
900220 72536 42
124308 674156 41
478559 256958 1
821970 59209 76
373063 13455 43
661566 45303 31
143427 467093 3
538392 425494 34
202494 698967 54
146098 129299 12
145350 138579 75
615877 1744 74
613252 172705 2
667701 153817 90
520473 257800 41
168133 536218 96
947991 49077 12
982393 9766 68
740665 24104 73
829835 83096 85
829364 132428 24
344934 10506 43
571561 188029 89
824822 128886 97
50563 60094 65
536657 214064 96
232586 301376 28
782664 167584 74
412516 265943 88
753183 158329 36
22292 553230 94
631005 232354 39
276339 24231 22
139848 662995 25
650667 207504 78
817134 115994 65
397950 309331 97
634883 353608 29
897334 92847 57
395752 400490 33
376036 419091 29
620131 107577 98
642264 325688 54
328323 289499 90
466032 117891 24
486603 229723 61
802012 58948 28
584944 287302 51
520402 342262 66
339322 100149 91
785590 53459 69
834811 140424 89
564580 204846 29
172396 281881 28
376674 490513 36
756563 15994 76
504266 136231 67
144110 617633 85
923658 57855 46
483664 270550 49
897951 59443 51
703287 274493 23
784560 203846 39
278860 715865 87
362903 97361 12
438340 144520 42
459218 485439 81
956959 25771 77
953836 39275 82
612035 195724 79
389761 269398 14
330373 236438 55
325612 483392 78
928991 31107 81
589112 287768 28
941968 31386 97
966921 6118 1
816065 182364 60
632454 365147 90
426133 357335 58
704128 107830 25
725433 154108 31
894986 43213 85
348956 622596 16
536629 264760 88
324334 422861 75
115714 620335 65
358783 289549 29
2324 504845 78
535462 227668 86
605557 16272 98
815006 57813 95
688656 170651 71
19579 881872 29
47551 642394 11
710994 242562 2
714842 102902 73
48556 605256 90
773776 196946 17
138805 105264 91
733643 16354 20
757713 179695 32
258094 113376 18
533760 45974 95
200948 768914 28
624713 199919 85
863291 87284 88
14134 614529 44
702283 131400 59
819424 17374 4
272958 335618 66
767599 68898 89
674893 30700 26
878896 33907 99
803795 37899 21
311981 239539 61
129044 656481 26
208348 605688 91
632140 213594 68
462820 225257 98
625372 127585 26
211254 383836 27
925488 68299 17
945837 37130 4
892201 4844 42
51838 411677 57
271532 517532 36
94473 295604 37
425215 130678 70
604148 149924 93
230338 212423 3
281246 189804 25
392231 145652 87
344400 287587 30
763499 73633 57
864063 5380 98
490087 319242 11
506748 37724 84
841624 114665 58
473899 97589 25
153460 123688 91
574140 248460 3
157815 490069 19
542038 393753 64
328963 515628 89
481298 4379 5
502120 366476 72
361280 387869 77
413495 338822 67
160767 558731 32
739069 116312 68
143757 749521 95
878580 23770 88
321150 398591 3
897259 102110 37
342608 502607 27
887483 41321 4
647344 344093 52
305542 661232 31
72703 128378 20
253449 548086 69
493092 369683 69
672893 309289 19
626741 335270 26
588592 30848 69
698889 265845 73
683369 120519 38
310361 352525 73
326803 73717 5
282330 483961 70
930154 22167 91
287869 399032 38
147986 269193 3
908770 16456 1
100987 140450 30
993163 6031 77
644877 353011 4
56626 62053 91
487724 440115 76
878293 50918 20
814829 95247 74
431027 296073 97
802954 80776 38
768569 62011 19
270458 530596 77
78142 255292 7
69399 829375 11
84014 534504 67
477541 186065 97
595959 285545 45
787943 23330 54
263387 307037 11
254402 597837 22
667817 257602 41
192234 289616 59
663086 317363 9
118264 511608 73
35561 353858 93
316244 558535 81
969350 5948 63
592306 244791 62
242037 696131 19
714589 232234 21
447041 127388 60
922507 57760 24
899523 74328 47
716337 90325 56
456143 195072 17
237834 561138 43
413891 254392 14
27801 408467 93
797181 15576 41
825427 12063 74
277371 223823 65
698555 149329 66
124467 619175 63
723261 45860 5
707878 45660 33
994855 1056 52
884791 34141 31
785313 147928 5
452205 360591 69
600142 96814 34
616688 155468 8
664317 284521 51
776819 158829 63
498764 57305 56
435098 70588 98
295795 579477 14
636614 294018 2
550253 180683 19
880342 93024 94
491481 401838 64
189234 254987 16
435873 191681 14
524361 2488 93
482445 144808 34
656197 188269 5
992829 1618 43
40372 405863 26
965484 6807 22
747362 15548 41
869250 48111 36
467142 405251 70
516981 389268 67
287310 694420 55
773060 59327 9
18072 821577 50
525689 463793 9
982992 2871 32
8027 553051 62
991252 6169 84
850574 101392 99
361353 254543 78
35164 307940 88
147933 484856 68
60421 214552 11
685296 41229 55
55380 127507 17
973741 2970 42
674589 31850 91
571076 44983 62
846761 56403 6
685188 226430 87
498655 257233 17
858119 65051 48
630466 177919 89
57507 93779 68
802139 117621 84
513064 380861 94
278188 59531 40
481137 317820 37
959503 32633 26
316478 638790 33
458021 389139 57
345249 176217 32
439795 403684 31
970604 23100 55
650772 105483 55
154320 199623 58
273454 281111 98
846299 125333 18
458689 283659 92
349539 573722 17
844627 120542 45
398606 462504 92
599306 355715 37
551542 230260 60
245083 263911 81
813266 23260 20
506345 190472 61
74553 807645 57
97714 221351 49
478305 107766 16
653110 207375 4
15203 153391 24
615879 16293 95
942947 46470 23
653964 238331 93
725976 97571 43
881157 85916 36
967816 16767 96
868264 3289 76
280536 412596 27
895069 44014 36
989084 7037 82
684903 214404 96
867468 116943 15
430233 268847 95
729204 115487 7
959017 24862 27
715479 156561 56
793528 21176 67
96359 233025 15
943659 47143 80
3677 362665 49
117586 660205 38
352205 499764 35
729725 184282 22
331896 59833 44
619847 292326 11
648503 306577 95
369936 128878 83
328145 598494 53
260601 735716 14
917995 73201 46
122543 678063 13
774322 101105 47
318230 636828 77
616529 88567 93
349790 125935 93
461907 343504 95
728355 271007 46
412300 135229 51
310561 144806 54
336514 392687 53
365699 368986 46
263601 299078 26
389590 286364 84
306608 599218 84
839962 9373 46
945999 14779 72
388196 426937 15
671140 131920 41
591324 112138 96
982338 3419 9
593457 132425 1
993414 2514 13
130230 645237 92
291643 195771 75
790223 121548 4
100745 257951 46
940387 45646 73
422784 480332 6
857655 21739 54
269521 551719 91
770941 123772 51
819016 14095 51
441979 215770 70
727368 37592 1
208343 243133 85
70232 401991 72
580723 144721 20
254794 501426 64
819569 114639 49
794419 181417 59
736735 143892 6
349845 505947 80
767391 88663 72
406646 285525 51
545217 91546 82
396384 433798 54
216326 778679 71
956361 34480 52
791489 114968 72
830207 106661 93
564078 151819 98
583878 113841 56
340355 640778 13
415065 542457 84
642209 28237 66
603679 337023 62
116908 653908 61
83108 289882 56
904993 93662 20
651326 192292 77
621178 281307 91
340642 18929 12
811079 6073 28
653832 187552 99
570968 280617 15
125505 627804 26
814479 150525 81
502170 244203 37
349224 315002 86
507112 339328 97
853614 5247 36
180901 392339 92
941195 51221 3
988307 1366 90
418063 412252 79
302787 438656 96
473312 336599 78
21523 291852 65
545881 181236 72
957967 37593 53
150682 650520 42
697119 77185 99
494043 396632 65
822310 164799 80
435253 383081 99
785976 47213 85
190748 62118 92
36499 881191 6
615587 300946 21
674038 281535 59
285905 461602 23
391046 10856 27
306677 416393 42
707600 88499 7
264717 682820 83
998613 184 90
43940 692825 90
114550 500966 70
370038 29650 91
420761 300069 53
58151 42343 95
194915 740371 32
173468 819853 27
187122 443934 80
794189 102982 86
999637 216 52
667989 137779 24
827833 153247 20
659887 29404 53
969748 21798 13
72166 750957 90
953768 19896 41
452899 511988 35
618126 177749 6
369615 86801 72
889809 85466 27
963422 7725 60
586971 69685 97
194332 630474 89
536668 275890 43
165343 122064 14
83376 474262 40
788755 2049 45
908376 17746 85
619779 310812 63
229768 596207 16
16573 781352 90
957043 26897 6
447354 384574 21
733942 123636 71
888516 75499 73
857538 20845 60
378789 516606 1
586957 224872 2
670980 103506 19
988039 9537 91
796228 76916 72
898753 17671 45
178577 754459 25
150181 341858 81
395121 218041 5
790914 67794 29
177450 619471 41
89335 893184 18
406357 558739 41
967450 19442 49
93494 227779 60
625984 231476 40
993955 6017 26
806010 168669 37
8608 494499 43
54706 579091 43
520844 222249 27
849049 101719 48
829234 21571 30
410658 369237 8
339351 567052 28
485891 415770 18
562579 348198 79
69655 278325 75
906435 74539 23
530040 265100 13
634898 153629 30
562932 328859 3
678653 9565 8
754323 71751 18
322491 90086 21
862538 23840 43
554191 115475 56
145996 42662 24
685138 208237 18
659626 23873 41
464392 129421 7
241789 380561 60
929611 53955 21
751 976004 66
147629 118443 54
324762 130403 33
557835 250716 74
670835 27435 70
915295 29137 3
478001 56056 71
359912 487709 27
874991 61520 2
96502 28819 78
250359 661926 79
237398 700906 81
830396 13785 8
440891 516227 6
347948 25918 18
88092 764659 29
992101 1809 12
411990 237085 49
832236 114668 38
69384 687437 37
136046 79057 59
614045 188502 46
286279 20546 24
561114 243022 50
692880 134175 17
586981 86972 38
479424 170522 60
792591 98695 20
232067 435350 44
422566 542738 6
782772 187745 47
849381 52269 71
161350 76628 47
278674 113211 90
878799 63830 62
760931 129069 71
425563 5440 75
314594 152120 97
782003 211504 80
854347 93185 78
292453 597995 83
58438 766443 27
528453 201968 50
658352 16632 48
757984 80499 28
932134 36191 5
598760 212607 47
531764 217877 15
769664 175760 11
576802 149065 59
927693 30816 70
388739 507664 4
601312 322436 64
257448 600076 9
620617 6602 98
63904 568261 26
844571 123761 38
797877 141086 14
491545 199928 75
969474 10784 90
801741 166574 53
586052 313943 8
459449 378339 96
866591 69221 64
784584 8651 29
303569 251582 85
454079 425378 7
232480 86335 45
747466 212753 90
157686 518062 57
259273 592869 2
839247 13906 44
646333 265654 32
748938 147498 32
568257 325303 67
71363 145008 97
800084 2578 3
855015 131373 3
278793 115668 78
799457 18030 84
856949 14752 60
848929 134988 22
124288 628359 72
255531 224177 14
557805 420653 32
945414 19912 76
742089 104979 10
712535 99448 98
252336 429966 19
35040 349763 79
864621 105216 91
231384 3495 95
803214 154641 58
977099 9476 80
550913 107279 60
518563 310614 73
896513 85416 64
658362 159945 92
867207 102360 86
40869 743632 50
441732 196073 50
418361 411832 9
42520 800001 95
704446 7268 38
769693 74614 22
444738 200426 80
239151 180337 23
512121 111230 39
586982 305494 28
187111 218254 31
137346 197647 57
93652 359359 92
941464 6104 82
533769 4154 26
412837 477050 68
624097 305230 36
864755 67990 64
955223 30042 94
889706 41960 67
875046 28405 95
586663 105763 5
987597 4271 27
294814 566096 93
178841 453084 95
380925 345499 74
729102 227179 8
918514 36040 61
646715 217254 21
445770 485516 42
471891 517507 82
828195 160345 53
469766 47401 87
481391 379078 10
445980 462918 81
830560 39758 23
657463 288084 5
657976 326750 90
537455 311537 69
246666 145909 91
257496 359061 2
939517 31807 82
146238 77723 59
828220 109712 57
734308 218141 69
498119 231589 47
705251 128691 1
574279 289054 89
737001 171153 10
762834 222548 70
513142 269435 47
69412 279606 67
65750 355048 90
216013 344814 41
625821 262000 80
859349 86927 99
260946 151034 56
613720 168215 65
390999 142182 95
790546 75304 34
986703 11190 51
631466 208772 32
505879 449512 58
520307 85799 13
954198 5693 48
808470 112091 83
270302 635778 17
38529 331790 2
931589 27739 17
124000 220803 62
920043 27194 27
948490 40910 95
447498 73667 51
39684 590314 55
479000 197226 37
400437 183851 83
112603 557280 83
347553 358328 44
804434 128051 96
994818 3451 16
781086 14289 71
633777 61146 17
777054 221797 84
832690 87091 44
801630 54041 4
89864 105905 85
688042 204575 53
779627 117862 5
517680 29574 99
418598 46162 22
897093 77957 34
472928 492898 83
730995 177119 22
979751 13959 96
912875 64368 24
528221 346318 69
444917 393884 10
277919 386003 10
711944 278725 33
134208 362771 31
180920 452076 55
279542 439942 61
227690 650609 96
709064 60753 12
36787 576835 73
610067 93852 9
27730 241322 54
387942 103769 91
329603 70802 85
353507 623493 25
658437 254313 95
107713 807738 24
75744 95324 19
723230 137190 78
92071 527308 64
156195 484529 65
316146 653434 85
469367 40163 23
409217 53648 1
774442 87901 70
140445 252761 53
872637 97554 32
906811 58607 8
611834 322050 70
785424 80893 2
612160 10739 29
576828 132548 59
965946 18254 92
850286 123275 66
45069 11712 72
799642 55619 72
200276 524833 5
269213 206375 87
275139 445650 25
102328 27200 89
361888 500650 86
907621 78260 30
939823 52617 95
682458 179601 8
440637 462979 73
962674 29341 22
93348 558154 7
337314 580540 7
275649 394893 30
566928 66705 75
495479 47199 2
729882 256682 89
812207 51765 16
902011 4559 37
138187 431658 100
93530 367645 4
96973 897566 33
234279 26663 51
232566 487816 64
809559 150475 93
312115 74930 30
869911 50853 45
736962 137995 89
273265 290224 20
758600 149512 79
710139 249532 47
808560 174537 94
153299 249088 2
458153 468520 27
204916 440512 40
880856 63550 54
683887 234932 44
483848 406961 39
927307 31886 28
926020 20604 80
514952 465957 42
826209 45066 23
432618 299561 4
927817 55392 10
801739 746 12
609274 226340 100
356784 248781 21
918085 44215 51
895949 6692 7
276842 45240 30
768844 156944 95
391351 177385 37
9804 855114 5
156621 517254 21
446994 542804 89
165268 214471 38
195749 529717 86
56131 309433 74
682496 77860 75
346697 507312 91
925122 65720 32
826647 84947 89
619682 318699 40
589112 233769 18
270951 371173 73
864198 129684 3
819977 94100 98
13104 204337 23
189424 534621 90
575052 277912 66
785125 208794 40
279446 672880 97
947792 43578 58
549844 339947 96
183310 332255 90
122105 742204 37
308782 290699 70
166629 219487 19
501939 65541 50
3736 51663 28
224464 157490 69
36236 229496 72
915208 61332 22
119888 851109 81
998483 231 2
661791 330296 35
617245 252086 2
725634 236571 7
292294 524763 48
210982 460107 33
933846 38697 74
994816 66 60
139432 408710 35
639229 84758 72
373832 188071 8
310452 474310 70
399911 339018 66
488434 274062 72
19385 591195 39
704306 171044 73
514501 126381 78
984640 14386 31
839398 88519 35
566613 17072 42
40877 95292 33
288985 402190 42
386741 568401 18
58890 413198 28
348490 469262 76
363471 155092 94
305611 252504 40
434187 494506 89
814241 11191 95
451904 113816 31
493421 9086 26
647546 149991 98
33039 329246 88
441715 226752 82
142026 288686 11
326176 422987 89
350715 581237 73
52371 656293 43
696320 124787 10
292995 600532 69
646159 215954 92
941192 44273 94
656637 258931 66
347950 26968 12
586384 177786 73
814354 138155 27
131016 823746 7
203765 427093 55
626990 103838 79
17323 712961 85
751698 234975 13
854660 90233 10
601404 349753 4
739341 233089 53
733205 159050 68
55624 391364 78
364712 535955 3
898886 83359 97
876536 62188 32
182640 608875 33
707222 222838 75
404219 271605 77
651440 42606 13
726133 30201 61
289226 693117 75
486221 417563 30
271899 322469 61
300441 557147 4
675955 274156 77
913718 55472 4
191145 434294 52
331048 160499 26
724603 12456 71
544093 378080 46
908477 24281 69
240322 646630 74
552257 121206 2
524601 349593 38
504873 343393 96
632566 150965 74
833660 107994 96
570047 369676 41
244103 391854 43
696997 164054 67
18203 612123 23
658525 49759 90
730981 66139 19
777174 11594 43
246881 107837 59
243697 493591 20
182070 269523 16
607006 385127 27
819564 36296 15
930707 27137 4
343618 192061 6
452005 369388 61
858337 134977 92
636561 282660 46
81243 734573 80
988158 11196 81
773109 210523 15
732577 257028 83
333407 318728 95
545088 287120 51
780359 80616 22
456652 533300 67
886817 14937 98
539637 164500 17
917445 4488 2
279132 296829 74
241466 744475 35
216409 407866 55
447841 494734 56
331981 556423 99
743700 95782 63
680583 58593 26
921210 29961 46
834409 19910 51
293975 633545 73
216832 665142 5
272081 357160 89
515754 168491 78
106568 598927 15
44101 256156 83
754002 140424 6
599397 350120 93
888834 48969 67
592811 275753 89
250579 558622 83
650753 29275 25
433507 492895 52
586624 233962 31
171933 366092 11
433342 447654 71
681280 265374 22
79474 163302 13
554694 17112 100
211467 401983 17
323932 502465 35
645950 128956 42
508421 448867 12
689971 266632 53
716581 277350 86
918208 23 57
949481 38446 79
341946 33316 90
984233 15530 62
341432 620188 100
529347 450191 100
478110 34643 92
686945 219818 59
861526 57176 37
776357 73429 100
808514 89840 26
264660 242546 49
7683 818859 11
704126 155041 50
242022 412599 55
556882 169157 71
908885 56506 56
997753 1417 24
908717 79210 86
57400 37698 89
857969 86957 54
285790 298436 43
593850 217035 61
411484 111064 34
391389 347264 83
921748 26843 55
706223 230239 91
314395 308570 13
254452 404948 58
504600 74049 74
174246 649010 62
19921 490844 50
734934 177369 36
770756 22438 6
732024 193997 59
867659 28078 94
78642 745510 53
653507 66615 55
507855 98052 74
509739 75712 85
593825 349225 60
927110 13578 35
270709 158436 83
695059 120487 88
171394 443285 91
725956 80381 75
406147 290945 59
611659 255702 34
331249 386748 31
875123 84771 32
201953 215739 32
440368 436800 4
66061 605311 55
818992 126814 18
491909 227343 53
218687 620886 62
573793 302104 44
437345 449404 46
620692 72316 72
240831 434126 35
249618 316324 40
310761 433737 81
45855 126645 70
664624 326675 51
787826 194676 18
475706 402470 58
414093 499150 74
844746 144962 23
519948 336112 41
761307 26760 77
770233 51263 50
315645 1709 100
975331 5320 4
941748 29373 34
145560 5704 64
718665 274904 64
845196 34062 8
873489 48371 26
350091 37267 62
613825 212329 22
147897 30440 46
309835 485233 98
355675 154500 85
617729 120818 63
597969 96510 69
843404 112148 5
285235 355919 78
112926 717880 29
80125 510854 4
573515 95282 16
746808 53272 99
660469 249697 41
664318 252992 22
609402 122281 19
514348 298216 68
119664 469347 31
880518 44437 56
441272 30445 32
863497 11624 94
622602 88572 28
575141 364745 36
130156 156327 88
461970 519679 27
246033 568538 80
628060 272599 71
56817 751606 35
726747 154617 90
359884 80400 21
534867 421124 16
371215 612340 1
870263 95745 54
871794 105758 71
571092 153406 12
71659 772039 50
323633 324565 12
160577 798721 33
326423 353524 93
885523 41197 13
487105 475428 70
105818 235226 89
505308 455511 82
586275 214108 96
901671 59320 45
533484 144549 85
921764 73362 73
791745 167107 41
593866 397380 16
773097 203242 12
575657 148005 57
722047 174237 59
806210 137604 25
1525 408 40
806264 32648 43
554559 164233 54
37626 375975 70
578941 178427 61
915248 2278 29
833849 46199 75
680593 231215 68
82774 110656 35
359609 542668 60
613938 316421 58
869461 36189 77
713092 112009 52
173035 512411 96
353867 200900 91
706927 163519 94
455612 67172 43
762312 15622 13
911590 65501 84
167287 200389 56
73824 279833 33
232327 509368 66
219692 558564 36
21839 198189 5
815267 78632 32
72662 243101 59
470638 183242 18
275594 168450 55
142925 332617 20
419299 197392 48
492188 454426 15
717410 124493 68
138439 813991 22
142604 828528 48
320951 3306 66
12732 153113 96
784009 68748 34
744021 173706 19
666098 79443 57
977296 16628 23
170746 425270 98
152077 176179 52
793626 108259 83
522749 339846 1
933218 47096 31
525376 1853 48
460285 384279 50
904547 48678 10
230439 35895 78
244808 338484 88
995106 4317 40
132950 423966 31
923730 52720 24
186245 611382 40
337434 278078 9
584633 179612 23
845414 74707 54
3774 145183 50
789334 60801 65
721376 33062 27
63486 544947 3
533008 159394 68
20772 974415 1
507330 266314 13
988536 3370 86
124561 280735 63
261523 555751 76
195562 638869 22
444164 134231 49
529821 58520 22
523724 162733 9
641156 36681 83
605164 124098 96
81575 567806 5
94465 679553 21
865569 94462 94
381530 453905 3
870983 104248 96
79774 722670 86
286387 318956 78
633217 329080 49
146667 400949 45
653740 259710 22
504002 35337 10
204857 614236 39
356356 429944 50
805657 2626 90
12227 775831 65
937620 25335 82
641216 156484 81
424594 564774 45
412954 60820 95
611049 377118 80
116347 795368 50
749108 77564 5
714211 254709 90
700131 137860 35
75653 68277 94
126909 258658 44
392191 404965 21
821133 157827 33
930091 29418 3
334016 57732 75
128279 27052 5
622019 238421 55
979882 11181 60
390212 506745 60
357366 610298 70
947038 18578 2
782198 168861 40
958839 39684 59
184870 92886 29
559394 427270 35
561211 179236 99
355568 357098 82
158812 758411 69
847066 152678 7
779347 82982 15
55147 11949 64
315677 59723 55
918839 38026 55
700689 85687 29
654973 225770 58
543033 388001 34
528643 48303 88
845972 117584 20
133093 558154 62
543023 377924 63
337607 516837 28
295893 689877 52
312990 482648 96
656880 16048 86
189210 459976 15
853520 120795 16
158984 594690 42
491043 317090 15
604973 259186 10
799763 169032 23
273609 489733 14
975359 7416 22
151804 216552 3
118231 520275 61
818082 40913 77
589810 248684 8
547309 303339 32
80944 68203 15
652943 87311 57
617500 346206 84
946791 39305 22
772213 179099 75
978333 13748 27
104317 493699 58
194706 750777 59
121934 583732 18
647278 122397 12
955133 29092 4
224805 722445 70
376201 118741 100
103936 554457 58
773537 111287 12
424853 95299 82
58083 791359 82
716543 165326 55
134067 567742 98
522655 113552 38
464289 245983 55
399639 110334 20
922785 2378 74
538326 186331 18
587103 243789 73
885638 41451 96
931114 663 63
117117 618158 71
892400 87040 44
961940 17120 69
532191 444054 61
265440 202999 53
497575 136995 5
432348 446415 37
200651 662808 46
413355 546171 4
312168 425722 25
207612 82873 28
60345 100719 37
516238 261445 63
99217 520337 6
883813 97318 94
944311 50163 34
360172 524739 40
392135 329052 98
372442 257904 9
498972 393867 5
918360 34633 14
678505 26046 24
489815 65330 78
118711 405995 36
879908 19605 65
649362 113320 41
313588 65954 77
80715 113726 84
580352 355256 59
662295 304042 94
740936 13553 84
129920 572879 100
985109 142 35
851304 40831 60
456322 263458 95
849208 71898 79
860373 98304 51
54871 134697 12
473215 237241 26
724504 241859 18
912070 79475 47
507186 78410 95
352491 6133 100
209741 754363 10
183672 300430 30
14488 784566 67
587328 111211 84
995769 3881 38
868268 127472 91
471716 249286 57
795748 110095 27
239569 160158 67
85224 850039 67
11055 592671 64
733410 149872 32
895117 32522 23
770187 105381 44
572384 366033 84
247161 698140 9
562223 383357 98
269972 653501 89
627793 134345 39
195066 502445 19
207844 503807 80
925521 31213 72
119317 80851 12
559705 356987 42
267251 140973 1
34969 351749 93
501580 4876 40
12149 684328 57
923738 23619 29
812721 170114 24
932090 33237 25
981221 17476 70
860475 24508 61
89835 872797 89
688056 212580 92
437145 327338 8
161414 451531 100
283435 24536 10
66345 246110 52
723870 111461 18
118101 40156 37
637337 349122 20
172602 252513 51
433320 63890 66
248873 747546 70
734744 14654 56
566542 12258 84
154330 615568 69
822799 113379 46
306514 509007 81
464660 401089 62
244385 696749 95
132851 479795 52
342664 193157 35
512898 275065 13
658820 77937 72
147408 178868 84
854671 110436 64
520281 68839 9
470777 65889 89
546590 33979 42
110404 571681 38
394542 486974 24
345902 177728 66
443385 321863 80
882721 40382 52
519725 137409 71
490810 250996 56
616453 197994 76
585311 323626 81
104105 425329 24
382911 141311 98
754360 94834 57
160734 199539 49
916093 25477 98
919607 59093 77
406790 454765 93
297907 576824 14
555623 163559 98
335479 185826 34
351689 465356 31
611498 291014 83
982720 15145 16
430794 161874 93
360256 621627 16
224911 615094 93
110229 301927 50
768089 11666 82
372573 310995 84
918988 915 54
842073 53808 33
568174 176213 43
32212 32129 21
825750 86705 38
816418 146320 50
999161 152 92
757038 114892 65
751371 184726 74
560725 188235 83
361593 370131 10
529460 412056 24
637702 60472 74
554719 374462 48
520456 72812 59
582545 118031 29
371421 165213 23
316235 95833 77
978238 2774 79
132671 175849 58
733909 63049 33
220129 510129 59
48246 625968 52
722641 161190 42
22468 214092 29
372347 499468 4
136057 274296 70
673636 226448 86
470026 38784 89
912155 73553 96
989183 9713 85
34747 910872 90
337149 207392 32
103490 68031 21
99296 261222 53
140224 793903 15
823393 89123 92
570885 103119 14
291924 178154 28
775972 167037 48
500782 403435 53
600409 165075 54
268471 264495 29
154706 129842 81
980269 6980 77
620354 169364 98
777902 45061 57
113476 154681 80
176513 661485 42
382685 92749 37
269154 76674 25
938185 9712 20
664538 72567 38
938346 40838 96
636813 359745 71
852407 18476 5
300398 142629 98
36313 416495 55
501468 267988 30
539259 157742 65
881502 8992 14
982478 11444 91
405783 575599 95
547845 364316 53
708423 267263 71
332839 436519 99
121828 340305 1
796978 131032 78
535839 141984 98
340339 205145 57
984805 506 92
326683 457583 7
692960 7096 85
550616 338296 66
385385 549338 49
326996 366577 77
393766 583598 7
692564 121763 63
328422 528034 57
713859 111035 13
235620 191332 12
31056 119401 100
792204 21779 30
586620 229247 80
616173 41376 100
59793 109474 22
238555 257896 67
17813 696546 14
983506 8482 23
436215 57074 77
416817 25316 45
393849 239449 76
310852 498881 56
933272 34022 56
377567 251337 25
292334 221916 76
441592 77549 80
262124 599978 78
998291 144 85
326340 305807 54
376760 547349 18
29411 372777 97
910981 59997 83
886333 62323 32
368000 165838 97
163253 542953 55
798766 170046 33
839662 60768 97
157267 684189 45
20006 930046 83
945561 53852 56
76419 56333 64
206865 171009 45
856063 94420 5
788404 199533 75
187581 314029 23
942754 15698 97
721489 263093 18
418896 183987 52
451358 526133 6
49809 13717 65
899266 38785 26
79197 8530 22
909003 3108 44
882165 86156 4
326345 573053 6
451901 338310 91
506605 123444 8
11126 292898 62
550763 28964 32
770562 113892 2
807021 126597 19
115318 20304 73
388617 162612 98
400605 331087 18
44392 746760 70
350159 401100 11
116823 713526 42
561981 217593 23
141618 811576 27
278816 486090 35
949570 36963 29
981697 12006 29
845698 132976 50
109849 599059 9
975210 4096 99
675231 225243 76
554678 260512 14
294571 189679 70
341045 604710 90
209968 244036 53
640836 233080 46
400034 335081 70
916151 52473 55
735421 81992 84
4658 465581 10
869230 117770 52
680095 269056 21
472106 418104 74
892621 8518 80
36851 582102 1
265961 643232 28
884847 96189 26
806245 129745 50
574294 340234 19
179553 407446 33
319613 643971 2
92249 42366 33
585692 401767 71
545961 346191 45
355569 120974 43
205301 185516 15
795257 168165 8
838585 69249 39
552967 250477 21
27052 354515 36
293935 81613 10
813899 104604 55
474719 394627 93
789843 14946 16
537831 74334 10
673007 172605 97
935426 11791 90
224422 678794 27
303992 607292 17
584776 107376 17
651148 84434 84
496939 353855 25
430751 201181 34
192788 65968 1
292162 681696 83
459091 505682 93
355122 619633 67
92420 235468 49
728451 260928 32
707580 199921 66
47380 790235 59
635629 187953 37
965880 5246 17
665008 208045 36
196316 441447 98
14420 873327 82
759206 5236 26
723233 89527 91
52960 556742 88
129139 787919 20
115438 434094 94
796554 180048 29
67610 365450 100
207201 461332 83
733264 42019 100
943732 41287 22
358309 439503 62
465183 307432 76
990944 1488 51
696383 70042 20
942927 37261 98
623319 98203 18
937662 35176 42
641280 208832 32
776744 9333 63
230945 741518 49
37165 105071 1
571476 292053 69
292538 612807 63
34077 784683 68
347212 618138 63
667490 87549 36
481155 400871 92
675555 182061 25
598308 88715 91
293978 129446 29
671569 201417 3
982764 7465 70
817618 153747 35
495694 4211 63
868984 123450 64
60968 604565 57
196468 401218 25
76051 349492 13
119838 588008 96
403840 376739 2
259727 366383 83
965786 17237 61
992520 1095 82
575160 264548 83
62655 663936 19
533439 108349 65
738066 194793 82
952569 42135 17
267229 125354 10
964413 19443 37
801111 159129 58
741766 85672 56
104158 202013 44
560557 438099 61
165380 78712 68
323522 326448 90
176144 95483 58
939547 36856 100
929675 35981 95
327831 620229 8
929784 918 43
600608 190100 19
809402 133230 77
221477 642689 20
969041 25419 69
10047 729860 83
55806 263975 86
114445 724470 7
588412 389730 97
213404 383934 19
867295 34196 54
43346 162581 39
591952 18948 62
163875 420430 42
486236 26398 68
476951 27938 75
359420 267340 51
852474 34667 17
21885 373216 38
431542 528545 75
543302 313327 11
395246 207207 53
167060 247647 83
705582 142634 2
239340 124749 94
318704 537646 54
342327 647906 5
117716 302746 92
280645 188954 55
815748 49895 6
579247 231566 73
90324 308945 10
221393 616237 90
822432 136127 59
490535 210057 13
271325 193894 13
571895 152608 59
312142 480556 1
382658 539599 86
15423 358961 9
134872 376972 14
75241 669196 82
546573 316696 55
336424 272024 32
843661 51752 46
385819 339758 46
151005 420877 11
410371 361833 11
605126 191623 11
830090 117778 20
275238 659646 11
846586 26821 79
898295 21720 60
991004 8954 68
497335 477982 25
446370 112307 98
51401 24032 24
283759 357649 29
87371 256522 83
666836 308718 38
994088 1873 6
512695 48817 35
70839 310357 22
99596 3017 98
702502 273430 47
961455 30931 69
522558 315466 45
721192 27383 40
90464 641549 63
858998 25645 60
88470 910625 72
844830 43427 57
161742 606220 77
284950 115908 58
635214 272374 66
563294 30926 82
575690 4669 41
480881 310025 27
676135 113431 96
606381 67237 67
672840 185828 86
464758 105822 79
919559 32922 30
979422 12013 97
187654 399554 61
586806 11126 47
287598 626688 18
555254 266840 40
771552 206365 54
851385 107943 44
680760 14412 31
995106 2391 49
194032 746354 7
712205 130102 23
688679 119908 18
240753 600063 36
407195 291314 6
888779 110515 11
648563 227307 24
584751 313432 67
916190 24471 72
847497 119870 35
958933 30685 21
676998 177251 60
163528 647792 40
643259 211073 21
947496 16036 83
361867 337070 63
716214 117281 54
564461 425013 69
740975 198338 5
763426 122697 45
409384 115943 10
571372 331077 19
463406 445411 87
57596 349252 74
256486 215177 48
14391 381897 24
58239 285523 77
34873 78345 91
729248 63265 23
538056 124420 66
651583 118648 23
656738 32100 53
734041 74498 83
700142 199653 93
180460 129788 46
106597 649508 58
823569 161958 10
901440 1558 70
763286 185029 83
911874 33823 36
137275 417515 76
404865 350767 59
114586 281277 96
200124 176227 30
259156 98986 54
700032 170574 34
729569 145512 84
466582 215043 30
761090 190387 68
39491 199386 59
409117 324615 35
259753 43040 52
152364 233361 71
511520 250204 29
155249 835238 4
578532 171223 31
669741 97871 9
323372 144301 62
770065 3512 67
575874 390229 82
87569 560125 90
574735 200256 92
775351 49769 68
641635 84787 18
271732 631593 82
55349 896018 35
820039 140557 71
158810 834740 93
674417 76239 4
224725 755376 78
700908 75663 4
435182 560306 63
29218 245243 92
969732 28127 62
998707 1239 1
837201 124062 33
613619 32513 92
832942 25284 29
63338 368363 46
717005 102266 97
541670 87637 53
13108 650485 60
916614 51024 30
553003 334636 13
679615 185397 61
680984 79240 51
354913 520719 90
427303 504260 18
359529 91427 40
331591 387699 28
645585 289400 9
535298 164865 100
226559 388766 81
389259 500482 13
963206 8823 44
106953 727409 92
428399 128827 5
856906 136859 12
192040 232034 30
824244 43907 78
875175 65835 18
71436 896731 45
318269 13192 75
183207 389342 79
98878 18418 58
779629 23498 63
793408 89803 98
510303 276884 42
657650 181120 48
445429 40654 8
204991 317777 7
282371 96277 57
289792 23632 66
914618 1702 15
479636 165608 81
630011 201771 100
28886 450321 73
61968 622101 82
869817 52991 5
394804 572743 38
43429 166685 61
529991 114111 46
770216 221325 49
456964 59018 97
146812 187007 4
990622 5168 15
603343 310127 71
446394 289610 55
84650 116197 53
361744 470446 52
453631 12532 56
552167 23539 60
7972 548314 62
354153 369750 84
729718 130265 60
196186 792826 99
806552 100903 95
828108 136597 40
325247 60600 50
679208 317785 52
928348 58078 57
63012 193265 4
579209 261068 1
109285 252093 18
166924 131004 14
50097 49229 61
607648 22238 7
455223 307961 17
184950 619672 23
452465 305768 8
13419 355224 66
875029 3396 95
196615 374637 4
52659 371980 98
564065 264998 75
562405 303330 79
831190 46834 53
764753 109465 53
901502 33355 3
37381 620538 57
645589 75331 72
322848 631457 90
68820 440665 88
366382 276334 92
664599 39040 96
422443 119415 97
317609 405463 68
581850 189985 95
868178 80623 30
801857 158296 55
674671 262539 52
449818 395621 67
693188 104779 11
780824 28738 73
736636 254784 89
206471 428032 95
304434 392246 6
431761 336126 30
156593 379429 52
608102 142260 96
915774 7555 35
72450 532804 11
415443 71553 99
16179 773624 57
522394 352784 66
387967 99601 77
827929 15679 74
31679 963075 65
448266 524378 40
670919 220230 65
121510 766076 12
545131 86722 48
172439 170167 83
486315 309193 67
279738 529901 61
106500 338676 40
803166 113279 35
268898 234467 46
338972 471494 15
292646 516816 18
419611 503327 29
264759 596520 42
898545 19334 63
249434 230245 14
630703 42223 89
759082 220503 21
240512 160327 75
770140 218635 67
595842 275651 70
630020 9483 29
745213 243605 8
511822 350903 83
212756 91880 84
377558 334852 26
226968 24220 24
157975 311101 89
894280 6169 84
705587 263679 89
495423 368253 87
104470 494956 62
337038 142176 49
658169 214508 83
707045 22162 72
231954 629397 32
324818 638176 77
890433 20636 31
634417 361107 2
424055 374321 48
255753 115498 43
92345 24657 93
196223 39230 91
950050 22457 97
770993 178980 78
856334 110205 35
993994 4429 32
63580 385272 21
859161 93787 33
970347 1489 34
115850 102464 23
237538 709441 87
265080 409685 71
798322 89928 12
268454 141244 46
461539 6771 46
709554 234201 40
509655 25420 96
96461 887861 17
431627 408970 89
320818 213851 78
833154 138320 71
542622 434292 37
10986 91913 33
991965 1051 64
566737 364444 57
515667 476383 40
880561 105711 79
675961 93753 72
153987 736057 86
162176 767069 55
119322 537985 54
10139 980713 16
53222 567124 81
573056 121812 60
192520 358371 72
505981 369274 54
337528 557342 44
214841 456450 8
917111 9620 52
178684 678262 33
575238 374558 76
78775 684099 92
685700 208474 81
391754 481839 35
457951 106441 53
122919 132009 7
851449 31793 61
984021 12518 48
815825 151598 2
855153 35830 66
78883 496570 16
170596 615598 42
617034 233508 27
355490 32853 77
397597 39129 22
961898 1149 98
43314 322599 27
314080 546990 97
320196 386127 44
45954 452577 27
694401 200733 57
815023 44594 79
741805 43673 75
740399 177303 89
405520 587621 14
651324 78891 56
912875 86768 85
453278 13824 4
116556 645840 13
366410 579418 27
478997 220675 72
219586 83102 89
228704 182104 95
620369 155387 49
54557 931701 23
556054 163669 97
164345 821834 76
982180 16710 91
359852 363218 68
274894 331053 39
355583 106042 11
77050 310309 52
652183 251318 93
429403 375645 73
597594 249436 34
529294 263366 82
649803 103645 54
455717 169586 70
406357 159996 88
371108 466593 79
349862 632268 82
178425 582523 15
508167 260779 25
271030 593869 89
306251 132253 71
904958 43490 15
338226 369971 98
408403 248034 82
819577 70577 8
386110 68465 90
714952 43909 7
718665 235406 45
344710 225879 79
358518 136179 51
174371 281484 35
423754 261764 72
399027 600785 36
443486 43558 51
645792 272437 98
948522 15189 22
340631 194965 68
501581 34703 23
562844 308092 90
307819 66501 22
617687 180578 17
352766 437836 60
534202 320765 18
839610 2669 52
227128 668432 26
709620 267739 51
468497 219202 30
140562 596181 74
434760 241057 24
404199 61311 48
130473 231112 26
89727 486570 71
890286 90862 38
814258 155813 11
808326 98735 38
915022 5257 34
119215 841559 63
630318 215552 85
963883 1102 100
197893 62351 77
806391 1652 56
671604 246989 79
474553 88418 94
382173 47978 66
351579 86213 39
438468 184986 15
60170 808608 93
892868 38519 92
253594 348187 82
332941 112370 78
602175 305963 62
749069 224165 98
785618 80563 88
871995 58907 53
150272 385433 47
31119 163104 72
991461 6735 42
936820 27505 80
211811 664921 24
446657 133649 18
915618 1952 4
425345 401552 1
360034 570420 26
844295 60076 13
653570 217323 12
150282 705456 93
936468 34941 5
784862 120451 96
978269 18251 82
992510 3599 27
749231 113718 91
297861 645776 21
629335 327582 93
252873 275552 86
54823 757360 42
238415 618914 100
963751 17219 41
193318 629774 45
78095 531800 65
768315 229901 78
798823 21731 35
373984 15344 39
802150 141487 69
386149 105576 88
955068 25373 18
24034 488961 74
81753 91088 73
839396 150509 37
265200 570450 10
312332 58218 14
772584 53729 95
553564 95193 3
800613 70131 14
753249 223569 47
471125 320657 6
931634 40006 84
268677 261464 19
843321 17679 75
603655 183835 10
149300 307888 54
260873 167917 81
156943 183013 71
465908 112588 52
788098 80595 6
279244 512498 75
107010 596838 34
312019 394455 43
53044 151721 11
669780 135382 88
986152 5609 50
3048 519616 99
419641 36271 88
239857 215605 38
614379 318215 93
64687 334983 71
579455 167461 56
274466 594709 33
90834 475997 71
418866 511063 64
752147 95584 87
986133 10359 74
551543 250773 42
79442 774160 43
462007 146213 22
130801 771851 11
673901 33454 59
899747 9304 36
903087 64017 54
77420 540177 56
796486 1310 95
583290 332423 84
17121 164295 62
521285 390541 94
334071 379661 51
26167 643135 74
763869 57936 28
816864 148369 21
328783 281749 69
721157 95042 49
625972 9509 100
63471 756549 91
500429 82199 36
370360 510343 7
589133 12169 61
773964 164032 28
638677 37416 92
775532 187786 100
166471 575633 3
978775 6133 30
884113 93426 87
612217 145469 68
628539 197583 82
284537 293007 83
95402 705234 20
910535 66936 60
860391 71704 42
840423 121911 82
943640 9896 24
373493 590986 22
523962 63213 51
248129 554607 92
667544 112984 39
730239 231576 92
158462 686543 56
859643 27289 13
865689 1975 44
460215 517127 41
168293 756353 39
173914 375156 52
227340 502783 8
926337 3642 68
378922 555010 32
896236 103006 32
696835 230136 67
940659 6304 7
591718 289567 48
7392 473676 89
420622 435264 13
545789 413429 21
629015 84170 82
795346 156981 69
327497 98845 99
6398 266839 70
495247 167915 66
909529 59581 93
996095 2782 23
527094 245641 50
121966 10091 36
166616 298904 78
839702 72502 2
235681 494094 74
652204 128607 31
355346 462865 68
384863 507943 34
156415 58703 57
177642 244127 99
606942 258024 74
563693 150418 70
202564 319248 88
110930 284843 28
851921 139133 76
944519 43418 76
598994 261076 25
485550 74720 43
123371 840030 40
371213 301426 55
355394 525372 43
236052 254738 31
81183 229739 23
241942 285953 20
992098 586 12
686034 290302 79
366177 541091 100
292202 640267 20
337662 49349 24
445240 167370 61
256844 337586 44
410152 210006 72
297107 551203 25
755851 39303 12
69627 883165 79
543629 444157 86
340723 439641 98
834794 60504 91
191506 304195 54
335607 128655 9
764686 62189 32
886722 37516 71
84068 826855 66
628080 188110 67
25092 577400 26
592475 100900 60
79375 854318 2
591378 152559 46
185856 275740 1
289573 116281 1
432450 348411 76
583792 229389 55
549083 241523 27
444255 443758 18
526644 311435 56
622911 363599 38
668573 243486 96
36147 875008 86
97600 352533 70
336533 524786 35
138571 505763 61
675296 283900 5
45084 710482 68
34491 568403 25
995708 3108 1
122113 341353 63
264432 527414 40
967558 4282 32
422639 211744 59
679712 4799 46
140205 72651 58
719069 25389 20
499111 392278 74
900916 89029 88
905183 16600 30
596278 37109 43
251424 385388 67
469168 157251 55
271892 398850 93
339338 210707 19
403466 533429 92
456879 335009 41
836334 93749 40
642802 236526 89
861610 134368 66
807321 187089 46
5558 924259 66
924403 11480 93
12172 23949 52
459471 80682 77
125314 18596 16
859968 6123 13
464174 265610 50
841616 19728 58
137134 783944 83
174831 312727 77
778949 106196 41
845647 124545 9
332979 283061 77
530253 432285 2
31935 328161 96
961771 35710 78
765348 194587 82
398835 580092 95
986138 2666 32
754069 185613 67
982294 7623 12
649143 230492 27
732530 199659 6
769594 214130 85
192001 437280 29
928144 49765 61
881266 25504 100
973589 22080 2
620776 53622 6
290671 36388 90
149161 307503 7
120136 595746 34
250597 190737 48
883563 22773 76
97193 286545 52
634394 157355 68
203233 628920 75
890425 57832 71
45892 266835 19
529597 78203 12
888810 15887 82
971539 3641 91
730316 125623 78
190211 647704 71
399601 562203 64
108418 157078 70
556558 439414 12
177518 84143 61
996071 2941 25
345147 359870 51
74845 885334 94
630391 298885 75
162777 68028 60
705835 92661 23
412046 285509 4
988252 2671 90
859163 69964 1
225188 556120 15
966219 13642 36
674813 28531 51
484566 103400 88
512460 169192 70
587418 337388 89
733403 91968 54
216055 130441 57
893592 46608 3
137426 367207 23
92983 336087 64
207055 558139 49
459233 26376 45
325182 414196 23
971868 18175 90
633815 67092 36
190621 713204 69
285042 193452 2
516246 11448 71
442774 248560 29
311028 296301 3
748994 135391 67
276062 456433 55
704152 249398 3
41093 122824 18
882565 63963 89
915980 6183 99
476590 176322 71
332441 93372 38
283347 3995 13
20911 611116 8
335253 273248 70
415888 394931 38
519970 152875 3
522108 371882 73
909299 73838 18
419147 361278 50
2711 409052 1
856602 90258 12
271308 685516 92
650944 129222 22
39825 348483 8
71444 485126 11
688625 172660 98
344316 61117 89
967487 2076 85
746704 237944 47
532472 75582 79
192447 206245 51
398848 481581 69
205175 126091 13
169696 973 86
590070 214089 40
559612 419972 47
426675 567600 71
838624 42598 3
125269 701955 21
105313 775296 12
448338 17123 42
395374 276115 55
965240 2821 98
684952 232763 56
39641 106871 11
186226 560883 19
358992 52359 28
423333 17349 99
2466 167935 79
82803 741921 9
650492 344696 32
121911 37653 9
55361 136782 88
583054 4683 4
969421 8661 24
417102 383770 52
43256 112006 13
350223 140645 69
989810 8119 13
481236 450739 82
917100 10758 60
547768 327750 49
804156 159244 15
736230 244435 100
355042 421025 45
898554 29561 33
759124 88339 68
441655 432971 4
61799 388038 71
561045 165946 48
609567 314527 60
262981 527737 49
746128 138970 91
111109 443156 44
55857 495919 3
887871 11655 15
398879 525555 64
210816 600283 20
528070 268984 30
74113 440225 52
78176 114138 69
981315 7744 68
459783 230188 52
802938 174670 61
43328 573759 35
441571 399900 40
109740 488385 2
872006 126355 79
401769 496841 31
358907 333621 100
23157 174189 37
685719 261779 34
186367 85961 74
634766 111925 95
595693 76936 100
186137 553265 6
295569 504909 88
1891 94583 55
185673 581858 85
930445 11921 20
779829 169627 5
503906 352313 31
453109 228434 92
922090 60871 71
492699 363523 72
390720 592507 7
58439 37376 22
570624 415426 81
57785 876389 11
63303 521649 28
52426 652485 88
469510 323543 7
624319 44563 52
129724 166161 6
774901 96599 69
573694 173734 64
580906 58941 35
246331 239607 22
188600 103056 26
289770 708809 46
924804 52071 61
855758 15713 18
451426 34549 61
814855 11943 95
607190 68343 22
218811 191492 87
813275 112176 84
433604 80951 7
942730 47244 98
308620 494917 31
310054 148059 99
469127 205663 48
361074 539096 37
831704 39820 19
330298 421229 64
265641 343736 50
640031 31698 64
232824 220912 11
881117 114734 16
924245 70772 65
849779 66656 68
484408 126083 72
344808 104789 32
120731 330912 51
452876 445826 45
756310 980 78
458629 392118 80
393477 188996 44
596006 37566 56
415214 247268 98
996535 1670 72
406711 466467 19
77375 887977 91
820015 8694 74
194533 660517 9
610347 254426 20
888768 42488 9
498220 111538 12
12017 280700 13
890009 106867 71
96419 30145 58
914467 79492 95
451562 474149 36
202522 735792 49
42464 837140 62
548283 420763 15
623255 32180 10
739867 122579 66
746388 202968 10
218127 133843 73
959858 6698 29
808834 169500 40
212656 224268 10
136239 209553 43
633606 176156 80
141325 74694 24
593287 228269 24
712726 155360 8
94862 628222 90
419796 371523 62
638208 169831 3
991385 7285 64
763162 128973 57
726086 171183 58
278267 250393 76
601401 347388 100
711218 192605 89
266366 493467 46
242642 219870 89
203214 86115 61
104180 261471 48
968791 18205 16
72132 752335 62
824253 8382 41
277692 686631 75
971036 1981 52
112638 737768 47
972842 3575 23
303619 605547 69
851517 39521 87
300022 436918 47
393515 410687 21
931755 18807 67
999500 361 16
207738 351342 67
567219 4849 5
136789 99308 66
855063 116017 32
498338 33302 40
224446 715905 64
813361 78992 87
296118 509483 75
181084 652523 60
58045 731117 57
638152 59171 41
703303 14040 60
249037 75170 38
622713 53832 60
906632 83692 91
679891 9490 95
260683 138972 94
209834 29894 46
102637 185858 58
324298 304521 6
333724 98054 81
718865 121160 21
994220 2765 28
639934 257851 44
788732 108942 10
848777 130867 17
446854 342996 71
72032 81954 27
573279 167622 13
864818 124916 91
409012 101209 86
53066 411680 21
912264 44462 34
417795 2807 18
825631 158005 78
143596 148700 77
882970 77977 48
83758 896197 2
701804 152657 52
593635 357420 7
583347 353952 38
454663 281147 82
324382 4607 5
97807 539505 12
92122 519870 76
566638 211892 87
36252 645498 47
695931 41418 42
740495 21782 74
966637 30361 7
359283 364423 39
154219 369343 30
71871 463665 7
574583 365588 48
935267 49354 5
122720 114984 71
685864 83894 79
883456 49544 72
883712 68923 18
253326 668226 58
833546 28560 63
206278 714232 61
875711 112592 65
223088 326686 96
106856 12022 66
675753 158505 17
832423 152127 82
221890 158881 86
768623 59216 76
920373 53783 42
126685 200956 77
686771 133085 90
368537 380308 59
896245 12547 68
683103 220681 40
529858 342241 48
884032 29425 29
362207 115148 22
831072 43074 83
77856 500581 19
80648 9644 94
297166 617336 55
401692 206233 37
176095 64637 34
321658 255794 31
118781 98167 39
910924 36427 66
937979 59802 37
399445 219874 34
102827 468602 84
271639 442946 81
323876 519217 81
291699 585447 59
211826 69931 67
415854 210866 54
550034 41135 35
169019 330174 91
711252 68927 17
732728 218591 4
818202 103356 9
153319 494382 1
678529 138526 14
859231 132523 77
696193 81276 100
276673 397841 86
899110 91996 48
133352 676759 8
980149 7261 41
832955 68739 74
58521 720749 10
225356 125545 19
93955 384097 7
662516 190529 56
948594 42062 31
849517 57253 98
401703 219627 24
128395 725914 23
555115 409152 47
345168 422101 85
970879 15821 42
473702 81089 12
893215 39257 75
91471 768886 78
809291 175482 21
369314 570947 17
752522 80910 65
616594 86678 23
919773 13794 56
146437 681560 86
768011 99352 49
930194 49737 25
531737 3433 1
605036 134128 12
560385 370502 27
439475 521491 82
125001 860314 69
162731 106359 61
526057 230673 96
863011 70757 2
959957 31654 84
821224 30851 36
417193 247875 34
90369 813135 48
440114 72226 62
893049 86570 24
721072 272667 61
666099 328461 69
557964 168247 51
804053 167749 58
924641 11540 53
832368 104667 89
51465 350306 94
493587 23264 21
49202 846236 7
694478 233478 77
265255 565818 72
457978 327979 78
387052 379161 73
781778 168386 48
182819 305998 91
590434 405577 42
128076 424874 58
420672 51373 14
243225 587257 33
820384 28456 66
536767 362703 52
176040 735913 97
268412 242179 44
813321 9763 5
317366 615034 52
323727 43419 7
289107 2413 46
390188 313377 43
542230 128531 43
58508 657345 99
337137 578099 69
216909 606127 26
874812 45185 63
844456 64232 2
241514 511536 10
291380 658661 18
572074 109509 31
325856 339080 65
615152 86220 48
28893 838471 56
189995 668218 93
393574 449981 74
658318 136744 22
598740 124566 15
62777 37605 53
73834 474488 55
703297 9841 14
572469 63751 52
108041 72701 64
862866 11656 14
878428 117305 55
967266 29925 89
690649 253570 59
683654 299545 50
963027 16803 100
171980 648379 15
522054 70371 88
3734 755988 5
671350 203732 16
879752 14672 78
628729 288305 55
206238 178085 66
5716 525647 71
735280 15421 63
795245 5048 48
449781 102688 91
232326 455606 74
571430 320047 44
864577 121484 59
437088 335697 89
434705 289867 92
791017 60759 3
178062 698107 15
997907 2027 51
97053 901373 24
666664 295391 65
669068 296093 26
997529 136 66
477008 94228 92
379205 242475 52
253781 389368 50
8441 114691 37
171967 717929 65
687091 156058 41
120949 567856 12
310787 182419 82
957286 15764 26
610540 253153 27
531318 388438 96
373407 17490 9
819168 23461 48
65269 903908 62
295948 69673 50
363822 206965 78
255797 614820 4
699716 181756 84
513947 338646 93
547535 19279 55
512218 25370 31
78653 820342 27
817184 17295 82
237553 433970 68
646162 33679 2
787465 19490 18
453693 291926 62
562732 175019 95
520304 328543 6
131711 700566 85
686501 154216 31
823514 82985 56
134504 662049 17
856789 37521 31
678979 264147 49
962269 21649 64
833846 164403 48
841809 51787 76
215421 702524 43
892614 87614 66
342277 619578 52
391959 530700 85
319094 506144 49
225819 4547 1
889854 60746 85
322066 324715 96
841850 145565 40
135039 623366 72
16976 384002 59
674786 308755 20
285868 57616 42
367823 528159 97
37285 155184 38
138851 612447 33
337426 467253 36
277245 327700 5
760575 146517 34
488794 175739 93
36578 470106 31
132157 554040 20
329849 53463 80
815304 61329 8
846181 26656 36
975688 2145 39
931097 41917 89
575051 296082 75
748905 55956 21
60676 539178 19
761120 173259 11
624603 331431 60
223060 155522 27
352254 558174 57
48456 706279 2
107408 436485 92
559004 312343 8
439929 2497 32
287263 507688 62
920075 49236 41
891186 7744 95
104668 308517 63
107929 408134 91
425125 173259 33
981441 1663 54
339754 204145 29
610373 281076 3
100259 67633 9
481572 272977 79
41266 609530 80
481417 367212 81
499161 3442 44
12636 332633 36
786072 142229 59
603439 238636 87
466505 446583 8
311653 90201 14
197985 489120 22
318891 564934 13
455004 439462 96
565680 408160 38
426487 7044 53
915704 66459 41
97017 111928 73
753053 124935 96
577809 227708 91
526998 41585 33
436324 50304 58
172692 627003 54
104879 710217 40
334368 314080 84
872449 29714 88
436829 261464 92
939510 41160 50
442051 261373 37
261133 127460 28
145289 34157 41
706001 281419 79
442985 537514 47
882461 26236 86
482670 185570 9
784097 29678 10
377010 240763 27
955667 14392 8
816803 131116 90
675606 168919 80
804636 30158 34
671113 22625 91
336444 103143 26
887899 18669 46
997480 145 15
635838 122796 26
475284 438287 31
994922 2122 100
961361 17397 75
860257 38336 18
298593 71372 41
279996 248502 98
528139 380111 36
86795 144035 7
423055 31272 14
957609 5055 33
431934 101774 11
901618 84297 66
714859 195852 91
461190 124005 13
67825 198943 70
442814 190641 15
522660 137956 31
464265 495268 10
493818 313195 99
42018 500546 34
519483 236761 26
444822 319586 28
35970 374052 7
106480 829849 14
671788 225686 26
648103 136435 32
547648 20961 56
986231 11813 24
168206 200474 54
8227 517051 45
322366 575309 58
713506 258023 65
718764 169079 24
602075 219903 30
840679 77598 61
851531 125543 89
471151 92513 59
804639 11982 55
794511 62141 86
49658 702504 35
339496 40761 75
388112 90798 30
160563 670794 36
537830 286015 78
138396 25631 59
995091 4399 74
715626 187350 83
969873 24452 78
638055 148034 49
964268 23920 52
15261 157454 6
631331 322002 60
607545 75038 37
876850 54355 93
256209 115953 22
154624 802833 20
542482 291683 43
158966 684136 25
651182 290945 68
176038 338937 22
653411 29204 15
284545 18309 91
968284 16216 51
451831 292596 61
64205 387844 16
500068 138948 73
269368 309169 24
459576 249293 9
330523 478510 79
272608 573267 17
260653 719514 84
207275 662561 89
850776 126124 16
674416 236344 79
816847 85981 97
826663 87974 24
657216 242758 8
412353 504371 11
732619 141082 49
656076 171502 93
700640 293097 50
684140 276969 62
735665 132635 64
413264 6578 32
423209 36152 16
520078 83713 42
506710 470814 43
939951 22184 99
69852 611287 26
562561 307139 70
745629 169312 60
834946 99208 62
857531 108528 19
783710 5576 89
591567 100389 96
343274 655579 72
10550 524614 30
946789 28518 27
72147 517251 5
380546 516051 81
843237 132496 94
996633 2370 30
517081 400256 38
623250 122122 98
448507 449908 18
788249 167535 59
54572 122257 47
15203 326864 44
369694 460369 55
33512 663546 97
317467 169801 28
966929 28801 76
788557 197688 64
953524 11170 38
737253 220934 36
643462 30789 61
868251 79738 12
46634 369195 67
652707 282226 50
523579 360808 52
856279 93498 53
90466 670672 20
386870 184629 16
998863 1075 80
168394 809380 76
808820 162336 80
537850 357079 72
522579 230408 86
791305 84018 5
58099 812569 93
775866 23833 18
955111 6661 57
732968 153458 6
44339 100556 7
68212 172076 35
863053 61389 91
81045 372537 11
939353 38053 61
819106 46547 17
286068 675394 7
401404 48932 50
768051 42561 54
887121 31892 87
275733 197327 36
602288 43950 46
350799 638878 82
19800 684379 23
672524 114904 47
667464 66688 47
100106 30032 20
383166 203227 53
966417 9044 95
415709 285472 87
99221 214737 80
892691 32320 69
498456 283265 33
206949 48181 1
457010 388025 56
485354 170251 61
819518 175079 14
988321 1612 80
283086 600420 92
424162 404611 23
648952 207723 26
16356 386527 41
780751 80476 29
972766 4475 91
653866 171119 19
63244 586151 16
512353 8161 19
572797 82339 30
835061 157667 72
659487 244097 15
71508 555767 81
971198 190 88
577378 177326 81
618492 116952 15
479410 495391 68
754563 76923 9
924451 70169 100
345067 299610 91
309297 673237 62
601640 303738 12
329863 119390 60
74833 449641 58
962725 6682 50
953551 4921 44
196277 280545 74
479261 289342 80
297988 487194 62
990350 895 23
763544 110163 34
283988 596512 84
419608 571793 8
349471 19566 48
955256 3717 19
133045 373825 41
530552 87271 22
101885 237352 28
585437 389236 76
859213 133948 50
743516 104967 65
701517 291934 75
717116 246787 86
288211 710131 33
978443 5939 82
404543 22957 88
41002 555561 49
926226 48523 38
686506 210192 25
350535 610146 82
850893 84352 3
96830 735253 21
38553 357023 90
441211 445045 59
65642 266800 53
564554 255270 73
639458 71452 100
984471 10760 94
919304 60156 40
751683 33748 90
616186 144503 20
676881 114113 65
766901 104952 25
636223 103881 6
316636 358473 60
710384 77376 61
60909 734084 28
306976 311839 58
560813 205929 12
517531 350182 23
938370 18276 6
419616 316392 34
979112 13212 61
232220 76768 61
690508 133374 88
242337 600338 49
830585 82009 10
825328 124830 92
710410 128151 56
975939 20666 53
734462 56542 76
90159 518836 44
629194 40224 13
102692 280049 4
837326 127979 65
552708 352892 97
204363 626957 79
814027 108110 97
543123 398319 94
294325 289990 31
473703 120858 100
342452 51983 33
999791 188 10
771174 145807 33
969129 25866 28
880561 38251 39
626007 72639 89
85878 472626 65
456229 482483 40
988457 1030 32
232670 176961 46
908773 56175 17
392407 471771 48
327417 511530 62
493954 366957 43
530925 415056 69
930156 21674 1
656044 108592 97
255173 628609 85
423810 424378 51
44651 648295 97
528279 184257 28
562475 141387 19
109324 299224 37
489522 171093 33
581904 128806 43
174115 19332 9
236296 149665 99
6168 187305 67
521668 380033 67
327653 514322 17
545246 232664 44
234012 748769 100
357916 563318 59
77353 183868 2
896102 28758 2
329130 275526 14
460150 510738 62
891096 16450 65
481268 117566 47
145521 451446 43
334933 88254 97
585112 366895 95
413575 321940 7
659554 102963 44
87854 673466 86
298746 261731 39
295511 506465 94
423597 490804 82
781190 165569 9
220981 327286 58
965582 8748 17
923961 75053 21
172376 647961 22
193525 523841 52
520989 106421 44
328858 522572 12
63514 707074 50
75454 581530 39
94554 334229 38
369839 96117 19
878306 4853 55
653168 260182 85
49245 205908 27
396739 355509 15
302981 104758 91
183590 178205 9
37467 243608 94
156156 286018 99
718283 70810 73
988661 11144 46
984234 1355 57
352576 43610 90
304246 630935 75
413133 157822 68
618832 376228 35
918409 63708 70
577193 307708 76
662956 129150 33
374550 73967 14
551102 358366 99
200073 624350 91
228533 260907 62
33394 664058 88
72392 246407 15
695663 136828 43
591130 309402 31
411786 433688 3
660729 134699 41
757629 62089 24
296737 515128 53
75411 147522 27
34274 33368 21
764802 213823 15
441758 51320 23
601758 123644 7
69286 721365 81
426826 541107 96
367 556185 42
213629 242316 57
838895 82672 21
846887 148529 46
541887 250542 46
334294 514153 59
71794 428352 71
723390 237154 70
95430 9256 78
230036 695558 53
604510 88575 23
659539 256941 34
747718 142904 3
573515 129544 58
217694 428825 98
747795 30040 26
339147 7402 64
227526 667686 68
110409 638034 81
981720 1713 81
287867 361211 1
671397 96548 43
59095 497482 67
718731 8151 51
815719 174574 78
837566 55703 94
839564 9504 92
645025 265686 66
33802 804174 41
200979 396943 33
677150 221616 55
801582 61856 84
839102 21047 29
482522 293927 14
742785 62296 6
213801 409228 27
407237 311657 12
310049 80165 42
768848 10624 18
656294 299825 20
518101 415232 44
257956 130011 59
70820 54199 49
21066 525898 55
827935 55018 89
489873 488592 41
139753 72013 41
646204 98551 63
807796 14822 27
105062 561030 59
278286 172711 40
238276 76435 95
567286 389969 87
410699 240145 73
122045 350095 63
970877 3111 81
513374 244914 80
597096 395674 3
286708 380161 80
71442 492672 38
205666 180796 64
740486 40394 51
378220 332843 43
859166 138367 75
972551 7374 28
523893 316577 45
46927 791351 34
46423 40550 93
607931 314807 28
292349 477086 34
454289 53860 38
567964 363648 96
871165 91728 62
383344 347414 31
181420 401574 55
989855 9473 34
990060 7971 46
922728 63981 55
851598 123119 59
140165 538547 85
828630 107065 11
510972 453154 58
760612 117204 88
658406 245179 56
140880 705851 39
277172 223138 98
304019 102482 37
970 110832 78
905019 63895 47
266976 346773 60
87885 76016 25
742501 154761 40
424897 155705 27
381207 374754 68
365971 281181 77
701851 198995 70
692278 49302 35
978843 1506 97
824903 6820 100
170308 115056 3
707258 168897 49
467278 474980 33
491481 312288 99
898888 29455 61
692343 140456 15
301980 101204 50
497282 136869 87
478427 412931 49
423305 10703 22
50675 371700 67
827017 106128 80
122728 646767 31
811113 49884 99
236591 444417 1
301930 169585 8
890722 90614 23
482172 209898 82
49350 765805 80
937562 16046 25
922891 33216 75
36516 823718 3
348973 350296 70
705059 216136 66
654057 2973 89
732624 239912 12
997450 1033 36
250025 410846 86
883778 92447 29
447906 262165 99
267570 508803 48
999541 186 37
605384 297022 28
126154 96128 15
374237 389989 41
235268 9158 14
915341 38191 71
960752 7819 20
798932 62457 16
941428 49681 34
793805 46306 51
303951 314911 4
73847 366595 33
672345 4204 10
120308 8035 1
413176 550633 69
945297 53737 70
757021 95005 89
329309 166201 76
169561 494247 86
272902 169543 31
578756 276237 76
163303 590713 60
962689 4399 25
496140 93267 66
46496 2720 52
829975 75315 2
989869 5524 25
981184 8631 45
464034 496087 78
94750 133831 95
794346 44640 8
740233 60559 6
487511 402370 82
278614 346599 65
438941 457226 18
771736 121459 4
294804 532634 89
531231 297147 49
109668 546353 39
691259 93638 85
103817 880142 45
647512 78122 67
135751 60253 88
483966 163263 75
911344 57051 18
573099 172924 20
421003 491252 56
811477 29234 50
940648 15139 44
208735 593844 46
85222 309731 93
55018 650949 61
214475 339287 85
524295 98082 65
474117 301460 26
237566 590361 57
483797 66270 94
462921 241225 32
569153 369505 56
677746 218396 34
774016 108991 99
62114 674439 90
53374 712385 23
384107 335010 45
721128 99794 98
414867 365562 79
136608 406974 63
90213 546001 52
212466 354076 36
383477 197439 98
296047 471943 29
925400 63940 25
240518 350482 52
171493 591601 93
89610 280986 39
96814 684017 96
580427 375406 22
446371 367014 63
580298 397331 10
602208 258831 25
975438 22821 7
793288 59914 79
603408 223727 19
258122 538623 55
267994 667685 87
516945 321246 63
287942 611479 31
969984 27962 31
460563 321524 16
87487 500508 59
998654 662 80
761035 179330 98
366742 214747 20
438320 389769 92
833287 73319 40
167516 747678 17
257073 352937 21
1355 347538 86
511286 32337 1
57235 367904 85
931760 44 76
628708 63603 54
822724 94550 16
654975 281085 70
628968 143119 44
68609 927431 43
322439 334888 2
443578 98330 85
968250 15844 26
9126 342051 7
610766 145688 45
935125 9908 84
713874 136014 100
516749 310614 99
920235 68796 15
867455 25172 52
949514 30938 82
490235 132109 6
195101 59806 76
139341 272410 79
934588 6828 72
752781 91895 27
197041 296315 96
863299 8661 7
327614 355238 37
908837 43957 69
335890 47501 18
229029 725364 61
859953 63010 88
750811 18102 72
828188 163708 66
512724 59653 68
426852 97817 94
756899 241336 28
580310 136300 45
587932 380718 52
82509 431378 30
795288 139226 98
645842 227062 61
47210 885544 71
870094 127261 81
769441 15278 6
785383 84034 66
85917 694930 6
566315 295976 49
500439 422673 72
388975 343730 94
798300 174395 10
927841 10674 28
30902 653303 64
538033 249688 47
216940 307383 14
592292 64861 75
798812 32436 61
555873 26876 82
19236 728548 20
305531 602745 63
900887 84602 94
133431 244011 48
410867 580665 17
396974 596289 7
3060 139519 53
148750 815478 43
862288 83623 3
789934 148887 62
848735 44999 44
408682 384237 55
911934 14838 95
627794 72261 58
392348 320261 51
651429 120762 3
430456 485597 1
54323 51078 15
913722 72626 94
863231 64393 80
747938 176304 17
155572 117967 92
456585 46789 47
817895 2537 95
602192 283333 37
419569 531197 7
651260 173159 19
165932 193004 62
791393 43315 58
701170 51844 98
710756 72541 92
106843 541361 79
799301 87644 6
852066 105220 82
808947 104587 95
615744 51924 25
40644 622885 55
452130 250529 69
948275 554 58
619619 107395 10
928051 24871 58
276588 370982 32
304410 609330 42
965562 20447 46
146084 851161 26
293930 119471 53
464963 8114 67
569459 223976 11
650822 44154 57
673498 70980 7
201515 345708 63
451898 159784 54
364360 323818 92
305452 407733 55
617482 272858 52
430396 391747 52
246869 448816 57
770881 192293 1
680734 32197 7
727877 269731 91
329438 520940 54
140944 240808 86
886848 38876 60
998431 911 17
998936 1011 70
929845 46930 89
656340 92421 52
205720 239955 83
496455 388004 67
896675 31927 70
544760 236961 42
233976 526653 83
626275 95841 16
233465 311177 84
185283 471474 9
308562 334193 54
787371 56030 30
813564 79975 53
271065 107632 97
649375 96511 66
489154 129758 32
79112 684073 77
583535 264493 82
5998 847963 47
80838 484647 22
556662 79953 87
645882 250437 23
364108 302546 67
272467 486131 43
831336 35407 67
146488 203867 56
256367 299015 48
369799 527748 55
929241 63102 37
736062 156420 72
930624 69179 78
511420 405365 64
950964 9287 36
654650 89074 98
718170 176422 24
996045 2137 99
154596 499541 19
660123 70637 3
207483 228115 26
784152 99386 92
506644 375439 46
586422 20852 29
421423 535196 66
315072 641822 71
886180 87034 72
932628 67318 65
482436 401694 85
583127 155351 65
177640 165568 8
701091 249731 82
950620 5245 46
802234 32566 46
624485 267788 66
371312 67953 64
962907 14746 50
78820 27023 91
232440 390873 93
640123 46565 81
108454 130828 9
294680 551507 7
806436 78526 97
424148 285805 85
791867 168485 94
189852 16560 38
904616 45833 63
692789 66655 65
18540 570234 80
863923 116355 88
200282 650646 99
870855 105918 1
400068 292832 63
382976 378405 52
947239 21581 32
776326 112266 90
415488 134090 67
86960 37490 28
192143 626938 96
350922 299617 15
273285 536516 37
440466 198559 100
628953 236198 59
504622 285785 36
778322 142986 22
788618 119845 95
800080 177735 37
858873 333 37
88518 37921 86
921018 60133 74
947671 31125 81
324450 367362 3
277655 68448 47
512111 392731 73
341152 276449 95
299128 501534 10
75213 405369 33
315935 93402 19
456584 514707 43
256399 385741 4
376349 175548 71
366155 29321 63
937299 48316 40
20992 36476 35
671692 28766 59
285094 260516 100
557016 103136 81
559172 206046 83
164581 671820 32
916809 39658 2
128409 152694 71
269397 74812 89
945596 9821 64
972266 8173 73
902533 63540 39
315081 433905 76
814707 133516 17
19187 757064 55
352732 261762 21
85470 831365 47
818191 9063 99
961800 3908 79
273345 498541 30
337312 498903 76
510822 318079 66
500821 185091 7
806574 109008 68
898870 48895 19
206592 428548 3
404452 249299 61
183997 76632 24
588563 281552 19
154144 540807 31
332393 414547 14
844649 76597 38
287911 146486 5
889171 58006 25
550141 352771 37
867343 52438 32
32253 217212 27
762927 16687 38
919864 70742 87
23598 459725 85
620272 237117 35
452559 531773 93
173102 556977 69
98065 296092 64
587607 26840 43
231513 648939 10
921932 14964 77
16116 105834 74
779089 5886 16
57099 930706 95
145942 368374 35
904347 94955 76
749971 64777 93
412920 546350 6
979496 5114 53
730252 49798 36
224341 498978 44
830520 58574 48
903317 61498 8
31139 92599 53
3409 121262 34
470926 32332 83
352208 441430 90
351993 8070 36
663438 271901 56
25502 517807 70
460737 132190 9
103705 128501 27
202101 661093 42
592194 390648 18
695471 259298 55
187918 532263 30
130225 145384 41
450550 344273 25
103332 166429 67
599034 264292 77
834606 120250 35
332480 446836 14
252211 84094 42
129886 56097 38
961025 26851 73
635616 311356 67
438109 249446 36
430620 562574 84
339782 506062 90
41787 349910 58
611201 219842 83
898645 92256 45
340633 35943 60
399135 515600 83
850519 53516 79
133289 518231 76
932534 16499 40
218854 375293 6
511516 405071 51
310753 634392 26
211126 384375 82
713425 90447 81
639439 284762 91
874005 68156 84
263432 645319 64
888209 74440 11
806317 140561 98
856819 46835 43
976384 19251 85
480445 36097 60
149288 712466 79
609914 313922 30
543048 393297 72
953607 43454 49
127255 755972 8
150869 188160 80
380055 497130 90
504983 145788 48
463454 49443 11
66536 560405 49
956724 41123 30
363652 160097 49
340701 259552 85
621653 372987 100
102847 297408 52
650582 295043 80
652609 116563 28
278718 238992 1
23453 464873 53
258498 564370 40
606023 63009 67
959167 24093 11
997181 1741 35
18849 652016 65
800295 83630 41
128245 812407 9
456821 270741 19
770199 81296 30
432360 211916 55
237064 197407 70
98245 354860 21
692296 82669 10
355549 429397 27
648126 300777 46
466900 131118 65
662849 215485 93
550553 158562 30
649759 91979 17
74779 265439 81
867016 12653 83
84576 542496 3
476677 430086 55
53759 742355 60
138992 450205 42
722519 20720 32
48498 412557 22
271158 567090 8
276646 46933 9
877957 72818 36
211541 136789 69
590822 213376 74
310975 617343 55
514634 207133 33
48872 905328 38
830468 135736 85
696171 284739 34
24411 287407 82
513374 453127 56
23759 438337 4
752300 172451 88
96422 36524 26
559629 103031 55
333893 413466 7
683329 44801 55
587734 205332 43
831620 142801 91
804966 26955 9
991635 4864 80
627647 151077 99
888952 59389 64
357418 592977 19
428093 317200 83
7340 274358 65
708259 39335 18
69474 67057 43
964970 34380 84
263893 119735 35
588650 395289 41
228770 392761 44
163930 545568 44
581334 323165 26
621707 2290 63
464352 72735 51
474841 13584 76
180971 203154 21
297500 458107 49
81048 236459 2
8775 568885 27
257117 467412 17
940210 53073 83
440467 494972 62
810466 57729 47
603991 23248 42
124113 826220 22
5562 966169 74
831847 2157 45
25670 53448 72
964676 17243 50
599254 17784 99
47186 301640 68
116623 659721 64
524891 97569 8
909757 193 49
282795 48254 18
623175 371218 74
123176 68154 9
704558 244670 58
90252 219435 58
456654 445099 6
562639 83 48
678925 287478 57
734327 191900 89
178262 259455 49
537298 94028 87
627831 99891 46
134755 641918 34
514016 221821 60
421972 458735 63
263695 472397 28
679352 264760 28
198388 458229 56
952517 14439 69
28092 186778 63
88255 766944 24
691348 227416 32
518502 380576 74
63251 30443 33
616678 73968 95
92026 618784 58
570664 75508 12
746399 226649 45
304539 383231 63
595791 109950 17
35120 874907 44
711188 247931 62
227265 341203 88
989293 4158 96
467145 500624 5
166722 724729 8
239284 69265 46
354438 117302 26
28961 869695 6
885944 37204 25
999203 80 90
540063 354267 44
76587 825230 66
601066 335349 5
887914 24938 75
582453 351838 51
466010 525643 8
905651 63357 69
68015 806500 22
160371 56803 6
206791 216834 39
203052 796556 51
138791 184266 70
228584 698900 86
705653 91859 77
194045 677923 41
723453 234581 1
683379 94923 67
684012 310175 62
988610 8178 79
578705 335857 13
784381 96352 11
456529 288796 59
177788 447447 56
493441 225770 95
170129 94722 94
761956 103257 56
435393 29820 30
853357 117891 25
6374 410598 96
93279 631857 57
266533 531494 13
740026 119043 97
957438 17096 85
427932 457311 53
952830 18021 88
363016 25962 93
721966 2555 29
453094 435515 93
827927 134399 97
17815 319510 76
79591 562146 4
374249 439756 87
18790 735464 62
939003 39487 73
100333 764936 66
589687 351502 26
568500 36338 54
450696 541840 2
476940 189670 51
544066 111311 49
552532 400785 59
640650 316054 60
924188 43643 84
911904 76683 96
113622 815273 30
951252 924 69
707805 193425 58
690774 44019 5
506892 233116 12
107197 346064 58
4467 898491 75
981204 12061 100
87885 716919 62
369655 617269 47
164533 609522 7
632126 51085 80
132659 341105 3
630727 12061 84
201778 325383 41
152494 325552 75
58850 905458 83
741221 47866 32
451974 132310 17
370534 525502 15
722510 9296 48
155512 318531 73
893335 39071 79
763113 34366 65
981427 298 44
490475 51297 39
901578 58454 58
233780 214034 39
568955 418968 30
162358 686481 75
932156 11629 71
43304 330497 74
455404 97771 52
250821 88584 79
11320 75269 74
931459 35216 98
280114 289853 27
927845 12926 94
294912 538113 9
768680 113014 58
674140 258356 97
73769 442047 13
659316 151092 61
695091 286591 41
864233 28631 94
80749 120658 96
816357 17050 78
252920 537503 71
563841 33292 43
237734 486699 71
468580 93433 28
730298 56609 47
618592 228519 91
634941 174314 46
632307 113995 56
