1000000 2000
47161 752449 27
770390 83413 81
697245 249851 50
8529 113328 52
90488 414857 80
406462 8192 2
562638 135224 85
615033 235605 69
547102 69867 23
435201 201685 25
809297 176914 40
185710 784947 46
32360 858483 91
403042 414449 55
342533 259504 79
376223 482626 77
190276 111172 57
239610 535315 78
148865 691846 17
731035 266955 32
95224 161823 7
727443 272119 27
922285 38464 76
588182 175797 2
558746 394265 98
932348 9940 66
493113 128089 33
86494 119035 86
569482 181760 42
22668 957553 94
198222 292297 62
57196 110850 6
554176 41660 36
811956 85978 36
164316 519084 56
436180 83113 14
109186 357548 41
279782 629446 98
951753 20480 50
988555 1499 11
390602 153531 23
211183 127332 28
883227 114911 21
583913 315454 44
462995 208049 24
436944 329816 27
224350 658720 43
783248 17640 95
295099 23143 14
794085 74493 49
646326 172476 6
801565 68941 37
265496 192347 9
634045 112123 87
344153 588115 37
268747 592452 73
888720 18700 19
14727 598403 15
171058 753873 29
207063 45549 7
401422 12608 60
24523 148480 4
133838 545395 60
518380 409763 25
781907 92129 78
687914 238367 11
90626 255823 23
814660 16188 73
109341 184758 23
639023 260783 27
546225 111926 83
687815 202118 4
643534 64880 50
408960 27236 11
273683 634067 80
61036 684078 38
569496 6232 26
73713 809188 21
946207 40342 24
731320 100538 73
533228 82708 14
326972 655554 40
384144 57518 20
268860 407280 11
217731 520713 15
360789 79470 96
212635 456739 91
191466 575451 20
944059 869 14
807914 172736 63
586634 166563 79
941766 28312 82
498657 167417 46
712438 235653 37
979126 18866 51
464340 288151 4
199591 370319 15
284332 709161 100
977595 217 99
879101 68586 39
653828 109513 37
606295 78319 86
759828 169979 44
375993 620554 76
66367 460453 4
948759 27659 82
597206 367547 32
86057 2319 52
319290 536836 79
622257 118140 76
39790 887231 47
670301 127247 11
912192 4717 35
303980 366731 90
118824 271988 42
407650 343788 27
789477 142868 15
995870 1024 12
393040 264460 53
959262 15477 89
197158 793418 85
972128 20288 97
272064 488768 51
677670 20500 99
66008 396118 89
248190 684265 93
602365 244537 88
426813 197486 13
862334 20247 52
880036 48287 14
759485 197967 1
120572 388453 88
641878 287583 9
733648 178718 69
781271 99771 44
195540 398884 33
129009 568697 41
445176 480955 74
865520 22731 2
699007 238248 7
20155 75882 91
454648 69711 97
417066 71398 36
440038 496736 47
243348 570079 29
814058 179239 95
938992 18965 39
803628 114498 96
537053 397657 51
202975 451955 68
978203 6352 33
730368 232019 51
310980 306957 7
776919 169521 99
461587 96183 11
985289 6337 45
696087 270293 59
704274 207908 56
836209 50375 67
395182 450055 72
363333 187303 36
289702 249772 35
985716 3943 53
609205 92136 81
965559 21854 11
893828 2012 44
303122 67032 91
452355 358964 8
100013 799308 5
726137 267512 9
643966 253702 90
842287 133913 54
412797 240698 1
915082 40982 47
767687 175952 5
208609 479695 11
799618 108649 98
509992 286498 34
668328 144560 86
318836 297306 71
975072 7737 9
339924 107487 31
3157 206338 46
568835 364249 8
112876 16173 86
667633 169869 33
827871 95063 76
260020 375414 54
22483 895621 54
496117 258977 59
749782 17148 25
345413 559534 27
26812 141544 99
442131 382844 18
549088 297766 33
729375 148104 48
652532 234592 22
902195 53373 4
386889 532456 97
989979 9254 92
244595 427327 41
481743 329494 100
558219 397868 85
245711 351998 5
931937 26443 36
277732 296452 79
336667 7345 16
728246 114732 65
423360 124373 36
76231 494347 48
202160 695954 89
141475 246207 55
286210 269993 77
759773 68036 89
181401 348856 78
189743 191426 17
761744 28991 74
946618 17363 80
367668 628806 100
80902 745345 90
862253 1214 77
929396 59288 32
200811 143113 73
939162 26593 19
722247 205957 25
375314 304989 99
372942 330682 11
78586 813511 61
666848 59286 8
994860 2487 42
844522 121442 5
992277 722 16
175095 415362 37
952158 37940 68
736652 23186 37
660194 194527 22
308981 374263 6
586057 308469 43
918980 69354 35
769336 89770 72
464465 22622 81
687963 184237 77
185614 641720 78
1049 674665 35
934811 39290 62
95931 122941 3
265727 458368 63
711154 201951 76
665612 333025 32
734160 50447 60
144384 120227 59
701789 4245 3
27435 253104 25
462063 535868 20
294767 342406 12
878278 12957 28
735371 44949 43
491988 44754 100
213428 741036 48
182270 440550 100
672856 116674 15
723406 102395 29
322538 186314 55
650905 127345 48
656451 34035 27
733096 248913 84
336964 509774 73
76952 754856 4
912064 66896 97
695127 256804 94
350736 608257 88
798167 166514 50
109676 861071 26
884541 84443 81
236712 412654 40
974765 2365 100
294248 321186 21
612935 286005 6
244015 129233 44
597054 176490 38
285423 193086 76
809575 145447 85
992972 5663 97
624566 264802 79
482327 149842 75
992870 5041 22
414659 382827 77
899019 32396 10
511486 155578 43
162258 354372 38
542599 114380 74
121819 541589 45
868320 47429 9
989117 228 13
962373 8127 68
54591 203081 94
695069 224990 63
515841 125018 90
600143 141931 86
592457 212101 22
718688 143523 55
991154 1078 21
815778 129380 27
689258 287883 41
368991 462893 100
237521 613824 52
351174 173012 15
288058 372805 51
593358 273883 99
852653 33096 40
866148 90939 23
265848 524531 34
652241 344832 37
842219 3910 23
115220 482483 5
855099 92387 46
888492 61261 95
271601 116899 7
103484 678465 22
563238 91522 88
42256 157654 3
717684 213271 77
125028 153012 25
67563 240951 85
779824 62104 85
441533 312486 16
93605 503451 96
96703 773598 98
465546 180244 25
833041 150475 78
262581 126477 17
790518 66587 27
519858 112521 13
753729 232678 44
500031 22628 25
958581 5458 5
468631 16232 68
655519 20847 8
360799 118365 67
578 638493 13
886779 84066 27
544644 369183 89
869685 127024 25
199880 325032 88
280215 697999 38
54618 301095 10
192750 64361 66
630494 248395 56
997444 151 11
426962 310390 74
161838 161341 30
570322 427285 32
931732 36337 97
326640 568563 22
431189 489914 79
161076 248850 82
105448 9546 77
801159 20074 6
1210 822926 78
827407 151562 30
199305 655840 99
662152 203872 91
997458 1129 18
330951 228944 13
335542 244237 47
913033 69552 28
642059 329362 60
880178 83217 56
317648 415046 90
835653 103370 97
431185 558730 51
706977 81430 75
490826 262096 66
784229 70242 62
173639 665548 21
734584 52056 50
286326 302449 17
362607 514076 95
727671 233206 49
863884 47961 6
955854 15228 49
793387 7743 52
75294 817924 84
109018 730663 100
745004 63847 86
814370 168399 51
681901 106052 60
216397 425486 12
118268 12039 47
388615 351677 25
239333 677677 36
885213 63871 93
619664 201399 13
151275 476742 1
824502 48899 42
408206 409919 42
802494 137167 93
203259 444364 74
676493 225532 53
289679 85673 69
649010 237431 11
508259 194978 66
599204 295502 50
586988 245953 77
958924 33223 88
792091 88047 63
663723 68025 6
398201 405258 84
101705 763060 69
494983 365412 50
39828 714851 57
787103 119917 75
561544 225842 77
626227 299893 80
137732 427042 13
992198 666 81
773280 58445 12
969367 12523 2
604804 99171 88
655666 62357 78
468034 512275 28
356293 168013 24
815795 125723 74
785336 17741 53
296844 213515 53
904485 39297 58
172875 759252 68
941221 5999 76
695673 248661 94
790238 200346 82
342783 577304 25
289045 302469 47
724521 19565 42
240665 175380 99
274016 596619 79
342462 12662 65
874845 89589 79
955786 32439 18
342599 194169 63
65230 734609 27
202633 423400 16
762053 61499 43
265012 51226 37
950124 2372 5
391979 224394 74
952804 17513 40
68998 378655 24
26533 326337 36
402369 173910 63
736624 174874 82
209074 31286 17
14039 301938 63
420808 373629 25
260228 146456 1
379640 517816 64
977061 16383 60
4567 272902 66
498298 254558 35
870087 8825 52
368802 11092 45
133160 648834 54
122643 54137 33
555486 198239 35
533000 465496 80
505958 489490 56
456439 183587 26
772431 87661 15
498341 206119 63
311425 417586 97
758818 215087 87
899646 33308 54
157602 443783 36
54562 114539 86
934923 38346 61
383457 479143 66
294382 173755 26
95718 637268 76
369829 566510 83
617684 12222 85
842700 14882 89
927175 38071 29
44029 725234 93
545651 386429 85
142478 573724 50
746997 142962 18
545553 383571 69
641532 332752 25
874393 55461 60
366049 568111 54
194306 789946 43
550128 318160 4
99265 385538 64
687930 256587 91
597245 332779 33
309762 413663 72
457190 183821 73
185590 218898 41
840043 139927 88
566996 248496 99
924893 24997 15
542101 83211 88
950629 43832 7
417300 340488 60
998668 365 63
938078 21073 80
520823 94736 70
308421 398717 57
569141 414863 90
755159 50907 13
46823 124625 85
266570 220437 3
674891 212807 66
944127 6280 9
954139 22673 82
387300 11428 94
466391 493791 6
616258 116113 18
60478 612317 32
892761 7647 41
883186 2212 88
839540 119260 12
604765 240931 22
818833 106061 91
686221 91056 83
36216 109292 54
960488 2846 30
36006 64122 22
260847 117583 42
45133 188052 65
473744 109914 71
151416 733224 41
9842 629965 6
308083 531424 29
174733 547286 82
52989 495274 13
420076 203650 3
139243 615373 89
704463 30692 82
176367 274511 23
276396 410504 68
724265 87818 95
159978 95172 65
311031 446765 48
612849 283950 21
696884 54012 55
913643 44310 43
875771 123760 62
121824 56007 67
372845 115282 98
406682 206410 89
450097 125375 97
210789 316223 23
603776 588 47
123689 713533 72
96555 635503 42
998946 809 29
666501 56305 88
109543 572755 53
231131 599966 67
656049 207370 72
969327 28336 58
16733 199525 27
506672 250318 55
47716 178823 81
376900 261584 41
845715 110738 55
493706 149509 75
431492 124973 29
914022 9114 9
702853 50391 59
517889 419383 38
119180 418727 3
643591 264219 51
294262 39361 69
6892 715700 14
172905 678914 31
267284 320622 79
95539 505525 58
314613 526369 1
775330 132022 6
118907 289216 29
549842 430641 42
648767 254705 75
671986 41079 77
716589 6918 53
419167 150026 40
227042 499415 39
640041 184674 42
18787 808040 74
418453 318734 69
447651 304412 41
479156 35770 49
793544 166877 68
617078 342377 66
996991 1186 58
344564 483164 26
631943 242411 63
203684 650540 56
2184 76073 97
531973 402800 79
355943 77430 6
648131 86897 39
812377 151465 62
652979 171951 69
416688 81581 76
330918 18069 90
790536 34516 45
51764 286442 99
301097 541125 96
375153 257664 46
907644 15765 83
928808 66176 57
14777 606887 48
314329 168850 89
124559 456502 47
65906 241154 60
110638 155277 86
476446 518520 15
650319 77178 25
970291 16515 14
333123 324876 79
6559 807250 6
776187 127750 74
261623 322405 52
43435 208339 87
384086 317770 67
636982 28655 96
954828 40913 11
486925 125537 67
954112 43897 69
358688 432657 30
769870 79522 11
696860 22091 77
715150 43530 22
987204 6819 5
100860 738494 12
358298 106177 37
27287 560489 18
448034 178113 30
127265 479905 52
397807 268469 56
364062 597804 30
657774 117559 28
579328 213482 47
618833 114605 79
905044 27592 19
357950 530713 98
75674 750395 100
198097 732238 12
573233 23983 8
852905 35761 40
81076 646539 12
820779 25265 15
897731 89881 93
170611 185497 93
594506 212987 35
860143 782 16
249693 353556 27
526008 126355 86
999725 49 67
673328 68465 68
776631 32274 93
738322 104438 20
809212 87130 84
618355 111264 57
943918 28118 55
468963 189881 65
914416 75422 24
320948 584673 86
814865 23246 74
350214 161794 25
208446 169644 35
186558 789273 95
420819 184182 53
683258 179318 9
784896 185780 63
932085 23490 69
113091 87037 72
512869 244513 18
963365 2563 51
348536 323497 89
733838 242478 51
7804 733319 35
258961 390014 96
574391 224005 27
175504 495053 92
940947 40463 31
569305 415979 88
529611 422711 16
384462 72725 90
658475 4285 25
658292 69211 73
172177 530861 40
441199 169757 40
243788 556518 29
961509 35969 82
744471 174853 10
259619 145700 16
550512 237177 48
552056 260917 65
477133 463031 43
801761 184074 27
811421 112392 89
216830 139907 82
122563 271083 24
88190 383622 21
477133 425658 67
475482 364716 23
794777 156862 68
950695 4359 68
547935 206782 32
139100 733796 5
759716 148161 1
896454 48751 66
376870 10777 12
218377 409310 27
891974 8348 52
373329 169474 79
285645 235394 4
582947 165180 27
153495 569168 41
37949 588251 73
871846 43525 59
713849 285402 91
308827 211106 36
862871 110341 15
180068 662683 28
593405 103029 33
498833 14507 4
648212 259823 54
365277 248506 68
61904 853533 21
943276 32596 96
846719 117853 28
920564 9131 97
755456 18388 4
804618 158073 72
134632 182495 28
326028 278204 12
363902 383499 31
282243 264357 99
38658 55128 92
159549 527130 53
532910 358338 100
578911 333457 76
807871 19770 94
477074 476107 84
565608 384803 52
68214 879621 16
324334 134373 79
369603 15821 63
150577 768101 53
444164 24436 87
434251 66789 49
711602 146080 9
904546 83148 92
958056 6279 2
115438 787170 41
404476 241418 91
563403 14870 27
265755 323759 21
629743 324661 14
772984 214732 33
508159 127485 86
456031 366251 98
664279 13761 68
839964 63203 57
807258 33513 13
304373 77351 61
161841 612221 9
261956 725663 39
86514 709745 76
172903 76814 91
596681 63029 22
35510 581624 61
473460 342621 51
187691 751111 29
747971 220570 66
439606 451925 32
240233 21036 57
699994 222438 91
222527 704546 24
513154 394310 15
584780 363954 41
101525 819556 41
204317 197946 79
125267 551249 6
204980 761918 97
536657 394589 66
194987 244391 25
820457 150827 6
701311 132105 41
156722 370672 38
503414 479152 34
876984 108121 31
615615 372690 20
337513 195806 45
218688 374411 22
933794 24281 2
500804 428401 30
220467 730611 36
661447 183514 71
79361 725679 61
315742 533463 96
32618 922601 95
715444 40184 32
37199 311459 99
340537 581652 34
622066 218577 2
156130 106908 32
270796 125329 57
437326 445867 60
593812 108887 12
642528 331064 68
692894 32891 89
162623 77065 62
651529 326107 37
546181 411789 64
428635 19405 33
931897 12419 26
51176 876575 56
920377 47018 7
87378 521987 26
714446 261318 26
100536 308188 94
608034 101156 29
703443 250010 75
959207 40372 41
735684 258423 99
526974 299312 55
735636 526 76
38387 364373 37
883351 91142 27
26367 576656 35
935817 37323 47
741319 233633 9
597818 36839 83
839045 130217 96
73314 874487 71
54693 86673 77
999192 35 29
78953 248988 8
993426 5273 20
45427 651774 6
338691 502312 62
111386 80174 35
700440 119521 89
696538 183295 91
852847 35705 22
72456 649870 83
558485 158011 81
57455 939916 63
329196 451857 60
316963 262885 75
512148 152479 88
384321 310575 58
364851 298479 16
417240 85550 62
583772 37732 75
257481 648296 78
403646 57972 86
477867 51797 4
893730 42069 100
148290 272601 61
130979 159053 43
636924 44123 56
304147 432851 51
572482 383278 45
10969 972953 85
617827 39299 79
648295 184118 54
67576 707228 19
30276 699009 21
234293 620104 65
513322 192860 80
739353 172778 84
402014 129799 98
726783 211614 72
943316 12019 1
509691 377577 54
149082 643358 22
507276 323395 23
331278 146652 38
855444 45223 96
591925 310602 58
357152 489059 2
781314 70235 14
928510 3723 89
278250 380068 92
566216 385975 41
810461 186594 2
654204 4844 3
62175 671093 73
50228 603027 18
643951 320235 32
851505 45594 9
161864 541091 47
582424 128461 21
822382 73386 69
374499 577134 22
883021 88104 33
617298 262582 99
796150 71261 63
769926 123177 10
553018 242870 14
659365 300404 53
260222 57362 36
749943 49302 1
203421 724381 37
181097 623894 18
340375 380711 49
904168 60109 4
148702 654091 14
199412 308120 98
65065 100848 76
466584 197282 14
486575 359360 93
253985 52052 66
253602 235164 68
710604 27925 88
54284 898435 21
242177 465030 91
384087 344855 87
612404 236261 91
810700 177989 80
350277 503599 13
959091 38100 36
338364 327013 21
733073 175727 24
601003 201625 17
288335 203410 99
829922 156055 8
988991 8958 61
445742 28051 38
465526 352044 37
94665 294854 87
849529 6727 40
841761 21842 57
958289 9278 8
663340 282393 30
860624 132131 49
135739 647183 41
577428 316285 51
96017 851539 48
776146 75118 21
893174 31674 22
383250 557142 82
506567 443167 17
552906 363935 19
334697 545029 24
592112 355442 51
307829 39259 80
272728 537349 82
102499 454544 60
479798 416065 8
845508 13803 3
387926 276313 75
280131 292495 18
669757 84513 27
361020 29742 91
278634 615677 88
457704 33543 10
17852 726922 49
791947 129040 71
574944 240995 87
558417 415874 8
586315 297706 95
608515 186735 83
390504 357492 36
784214 116279 92
409560 150657 55
979614 16427 10
638741 271476 19
215658 180577 19
163213 736107 8
750529 212600 92
186531 396488 97
645470 180699 45
190166 798719 55
671109 65638 58
475274 64302 6
214918 319335 49
863019 42931 23
841868 63744 18
989824 8254 100
759875 145918 92
642701 158551 54
69573 652949 75
988727 5199 77
338138 271691 34
581830 194234 9
333144 131163 62
636489 60381 13
372844 11673 96
810784 186022 81
625166 91961 71
488726 253975 82
505748 396704 4
418829 210195 2
659842 230271 18
940267 52407 66
693535 129639 29
588871 294214 70
939754 57373 17
671834 150776 59
782361 90630 60
918669 2784 87
528134 351378 77
452423 325622 8
39263 698340 2
428998 308298 44
868062 126937 24
442050 149560 59
38360 894462 55
313451 483962 62
168396 33167 60
333181 501729 77
877790 63807 28
967967 2063 23
218491 94707 71
467308 435805 49
747035 16532 91
521190 464303 36
684444 75126 90
202357 539140 4
451308 442350 57
599543 176793 48
569789 229950 5
141097 403494 30
175310 682451 68
835899 101390 65
663600 99195 4
63212 626567 56
928310 69234 27
758689 222620 7
572425 22747 49
73840 823747 68
833946 157926 43
984843 12619 65
604740 357983 63
180368 168502 83
806512 174577 65
785994 110153 74
565636 408547 56
628737 120146 75
87410 537758 93
407113 483887 47
231706 270793 93
39461 344144 90
699698 52987 90
150715 677499 2
812604 18465 95
294417 263972 86
269102 723786 3
866194 82766 67
930953 13578 54
333428 423717 16
657854 282219 77
563421 114366 29
359752 152026 6
962677 2968 6
550868 208600 60
206482 710054 27
160756 763340 94
968681 27774 65
124423 552555 47
588100 261223 33
889526 31037 62
962044 8790 6
422811 288794 1
201178 714627 59
731695 13654 67
239703 106879 4
760440 138688 31
396459 548657 38
595070 279783 62
339651 549058 77
537471 78861 58
702553 234560 100
163527 241148 16
345844 557081 74
24497 397437 23
195108 265383 28
63633 929230 60
209980 349424 47
886077 73716 39
205375 517417 70
304074 437246 2
826823 108208 49
47581 826192 71
21765 374217 37
158395 617263 90
519805 242617 55
806794 191039 87
500852 164709 89
82389 761033 97
975038 2324 63
497414 400994 98
133296 860352 58
305111 546300 24
335969 260277 70
478452 446121 86
698824 268018 64
28264 658336 80
220584 623515 13
457559 477794 54
161015 805230 61
85822 312754 79
262034 277846 5
899768 79531 43
226615 755902 64
173030 175785 37
176143 172645 8
568505 325505 81
45637 909747 95
740008 88933 26
960442 32920 27
314051 630785 2
996865 1669 89
138904 748965 80
599112 184334 92
703360 48296 19
58956 36676 41
195112 604969 12
543789 312729 38
866870 94358 35
628409 223069 59
796269 67201 5
14340 952686 25
917249 64746 17
112024 85827 47
203684 728571 88
282063 352871 39
305480 660218 22
454358 14968 64
792561 176242 95
476680 60280 28
460038 346282 21
975503 10540 30
787622 93370 11
780764 162311 53
138013 783137 86
394322 303497 4
587076 303561 18
38283 161136 93
26114 386865 1
770060 128289 66
502576 300224 10
325648 480726 57
370841 352087 31
364746 360291 52
730787 218612 21
291463 39572 67
551970 86045 91
99777 616812 9
808422 144089 51
900347 27181 32
970730 18540 75
36600 336038 3
700239 101426 37
714423 129654 60
88229 739577 22
735667 112546 27
308434 219650 12
737751 202734 13
570770 175300 95
506145 9633 51
13858 622075 48
46000 465184 81
64235 649634 12
949491 833 77
815494 142595 76
76805 471189 12
167245 613371 6
857645 56746 74
241939 432022 65
168268 305476 21
858082 140921 62
222313 560599 18
430313 481134 39
421682 208546 95
706390 27067 28
474373 373570 60
220513 548958 6
874442 85023 10
562616 422622 3
63120 86515 83
897576 33838 15
588734 232485 69
681448 30604 40
534843 163781 96
883145 34223 12
918850 79333 55
441528 265727 63
625064 330731 2
329236 222428 25
201267 554862 21
210824 360296 39
793164 153203 81
154265 216048 43
79053 105634 55
422115 188543 25
651054 125414 27
885751 53647 63
719017 108091 24
849255 93822 71
30760 298303 13
14261 612133 96
77206 786822 8
578941 93479 60
549888 443210 13
268193 339327 77
108539 756908 66
208862 217287 76
894017 61050 70
70863 257904 85
210057 481767 5
426082 35991 64
744931 41354 11
901398 19073 29
411706 455201 40
456875 535075 8
256283 531346 48
790205 46290 86
693812 156635 20
969502 9540 85
937002 5467 49
883502 4106 44
17935 951602 48
12618 354619 20
549324 50228 93
748202 45832 73
739499 18954 82
244988 585572 30
32481 967189 72
477936 307738 48
875969 2997 32
301897 325429 59
188274 293714 68
307766 42489 16
41429 808918 14
131566 575764 77
695428 91137 26
660525 215190 30
872754 118451 57
19740 381093 87
39514 636631 96
818134 51352 36
706571 181900 61
253362 235607 13
501290 351559 62
318999 551199 75
130750 336677 2
964584 21389 55
788693 145645 79
484726 46938 75
408516 260284 92
7644 538553 84
697588 273153 44
802567 185336 43
246724 227075 45
13440 258888 72
283390 77212 78
361787 122226 26
231855 465065 60
825222 7867 15
894848 5624 20
984991 13243 3
78271 833566 5
642024 351792 2
851522 30296 94
911010 3038 75
882522 54592 14
727184 33835 75
239918 163252 54
646153 257803 1
103448 213500 57
377628 81823 1
713886 61296 91
114766 655828 5
451441 82368 93
380061 117077 67
535735 138404 12
823098 146085 78
196162 333486 74
46488 933958 37
369492 63854 18
963738 28494 5
981453 9927 58
518067 90379 3
753404 97414 62
831264 14405 76
91794 870663 97
690695 179287 6
483911 260149 100
534680 418767 29
261411 213356 80
115427 473785 35
892183 65624 9
115150 715604 2
997038 1929 92
6921 356468 88
997478 1500 11
422256 347226 49
354097 251559 21
970702 20726 45
25454 176610 68
835289 112474 94
954018 8860 6
355973 6793 2
462211 19310 14
183024 92204 88
376820 523967 69
11330 299271 68
623420 241861 67
514906 371118 63
242810 338151 93
117930 265795 90
350963 174653 24
928877 4422 94
748657 25390 78
139011 195150 67
233930 492506 31
347566 364286 81
58016 720718 44
336134 650033 29
966111 31684 30
295277 592821 41
194116 74778 34
404918 265259 3
821786 66184 52
143385 193720 63
145599 14572 30
320298 294983 97
174588 468557 21
775612 224059 45
368307 452682 29
156399 302488 7
937451 4248 4
77670 786856 80
762399 141632 49
966395 32512 9
647135 208613 64
424261 386829 19
212845 622955 23
112450 119708 60
293118 169073 18
40959 532164 98
713909 253984 46
93095 180381 94
517059 318122 60
192870 311545 19
820209 173003 35
605504 180666 15
744173 176860 81
105134 64296 94
774657 78332 79
670065 30116 60
870371 24096 77
184252 11349 4
513228 138233 89
69908 308439 19
532993 220241 13
407135 559494 84
122818 288645 80
224012 766615 42
533674 98450 32
155219 9188 6
934452 64235 90
1426 201672 78
126480 716624 9
95063 535235 56
709377 109775 85
836292 70898 13
799715 6064 52
510413 257940 64
190674 185853 14
147856 475528 84
116373 561045 66
33662 189186 63
211574 727229 87
960763 4030 91
82634 24095 82
373027 586452 90
105426 20640 84
354618 514025 57
483706 458743 39
135852 256809 88
964775 8528 60
246423 471396 73
840844 87895 64
948135 22842 50
684744 290523 80
807236 166613 7
247976 97586 47
33581 621944 38
181429 201075 33
880462 94880 4
571207 45096 67
890776 84731 53
611297 18108 10
45077 576240 62
631467 139661 17
48228 5776 32
254114 319608 17
291013 209458 67
255830 6549 66
457399 34437 62
480015 299323 52
424075 430640 1
409962 191738 29
739004 109054 93
522388 379024 2
735033 180739 92
405946 540449 43
482209 113347 49
51964 705598 68
524949 275256 16
371167 549280 86
314195 48106 65
105825 58405 32
792471 55807 68
834751 93378 98
1199 223075 2
13244 908392 2
372954 188554 48
43096 877465 28
852587 93906 91
428235 555179 58
164044 371932 90
603576 54599 6
513101 411396 50
281926 621696 7
274932 462835 19
452343 194010 75
444068 184872 83
326185 555160 70
375816 212447 75
493612 134862 17
811325 178368 20
954334 33452 72
495591 96036 49
3991 722117 61
674788 62273 80
34115 591691 22
161963 378768 60
702406 172661 63
86209 324668 16
867022 61449 69
44182 292038 30
543664 339295 66
411558 53751 74
829235 79733 37
761350 103767 65
65094 464123 74
731586 48221 70
784307 15543 30
53417 610305 10
928951 9429 59
807895 155405 38
337422 243697 5
850292 14534 84
980312 2388 79
732948 152768 47
439945 16667 81
672639 175699 25
325160 612576 72
600339 89598 31
461631 391641 8
31919 368426 95
532477 236788 22
365123 232878 78
167032 224524 90
652822 298087 40
842432 64675 82
746151 249901 90
289085 16672 37
325828 467513 27
769348 76217 79
148669 569841 48
306525 340823 61
606233 253417 98
557392 67452 40
740916 7065 20
645861 310639 75
6111 127077 55
138728 682299 18
230401 599901 53
663174 308714 34
881093 81958 84
576304 339204 77
540491 369512 48
323316 598182 12
803156 34419 96
685468 297744 44
721313 240877 9
313499 71800 79
247427 4496 47
855549 110244 69
386659 46024 4
767359 17073 6
706128 178475 28
478186 170135 35
22559 722655 32
384300 595828 70
136115 372530 75
64005 182044 51
284780 533139 28
952499 44032 78
967495 27580 33
514652 478072 21
385909 418646 40
83179 89284 93
916895 73032 73
368605 388938 98
717147 102312 60
483513 266780 76
176969 496394 14
41038 11958 35
580122 357598 8
517956 427988 98
668135 72800 13
924644 60230 51
614081 118937 11
362523 554865 16
286304 290025 3
709848 217691 67
122152 60997 16
215294 783964 35
861227 37712 59
304502 162053 4
806184 56901 92
875884 92608 41
556634 340033 50
712064 169271 37
849600 107541 17
987972 8802 50
246532 388895 14
229049 643235 81
203222 52846 10
6813 130487 78
870096 90496 98
881574 65706 56
870059 65652 72
120358 772793 13
743416 3638 37
639804 337010 40
307841 255789 18
600374 129418 47
507939 19638 66
520965 135146 50
741716 53589 13
144271 678372 37
393333 286486 14
982920 1347 34
119809 776233 13
947054 37477 38
168829 48677 28
990495 4591 76
513727 321360 38
359361 23703 2
786099 121816 78
301769 88249 87
116125 506481 92
836580 32996 86
916002 14637 83
77402 38437 79
491680 363600 54
917572 54886 8
533021 309452 36
829300 138345 14
585299 122136 33
111445 660973 61
663364 189050 40
692846 134098 2
316227 653998 37
671115 115079 79
202368 337219 73
91395 305983 77
780002 16867 71
156430 581218 94
832012 90570 21
584465 213369 75
221473 482171 18
939924 40948 85
886779 29632 22
287952 599212 72
437260 188816 32
24466 318790 27
506518 161253 78
83819 355909 2
421107 465554 45
429914 299340 88
884 963966 35
89531 307422 31
86080 531355 23
842101 27772 81
159492 180758 74
634287 11553 52
18983 706346 76
857022 25634 47
710859 264190 93
957893 20300 65
931743 33948 50
807816 85557 70
146238 399432 40
749453 2820 43
663560 324020 63
69512 150312 13
974053 12235 43
914409 85463 18
491157 372447 18
579822 269254 87
256336 450217 30
135131 346294 23
317414 129461 75
650661 7158 89
533299 111838 81
141910 190124 20
351654 492499 89
260023 260533 15
689419 72621 71
738586 128893 26
861761 69906 60
359393 475886 15
842733 88294 82
318557 69011 55
276328 28421 65
105588 271310 43
153640 155655 69
384586 142979 43
134750 281333 64
306082 669505 41
209212 587742 40
793094 141325 56
928589 11568 65
705972 165888 61
431397 425782 66
961391 35157 9
129998 499260 42
642737 294409 83
276324 298287 74
515032 45167 88
469828 343895 9
755973 219877 34
422314 170872 75
386253 552025 76
188294 500313 33
363295 333506 10
964899 25222 25
107660 92160 34
815450 1477 2
671910 97324 11
189148 398575 63
543682 323159 27
645073 181514 78
206109 389468 89
79757 580940 3
197536 405157 64
100370 845050 86
47665 719471 30
76253 763257 27
708858 20950 31
442121 68706 44
779040 177049 43
9052 573931 60
603244 197998 63
226303 477470 99
465183 33779 39
821121 58044 20
9250 353826 37
887202 39251 82
915683 52134 75
282952 568616 49
524871 122307 9
70275 335317 59
623745 7462 84
409299 115370 35
290854 37813 97
152956 1269 48
300679 21539 1
555579 74482 62
704754 108674 77
122761 616610 50
402463 386509 98
100282 351485 99
731994 241933 23
500059 468577 17
809748 136079 3
710132 268063 75
373922 497742 11
453099 508483 14
385690 422106 51
443743 309715 10
274503 633574 84
504973 59397 74
457572 483516 30
606695 47981 60
545127 18967 45
548711 371938 97
90946 509467 71
663803 5031 61
95967 545562 99
929319 6240 30
111438 32215 1
65411 440483 80
612437 215246 64
391049 512768 49
425469 276463 60
118469 135103 32
167573 367892 7
707272 207719 63
106739 871714 71
318663 15999 52
941561 41923 2
932012 2305 24
47851 916374 14
754506 36208 50
888106 584 34
889750 71412 62
570092 5802 92
695834 194445 69
860244 12058 70
360288 478835 19
707180 124634 32
679109 255972 57
484352 468761 36
452818 323882 51
467544 414772 91
391721 15803 31
628006 99971 78
888672 4944 6
127944 840951 17
379723 41410 15
223865 344849 51
535184 234330 11
114337 68303 99
664281 168339 61
727810 212442 69
124443 15447 12
352517 192096 40
10125 93704 68
755491 215559 44
289507 568852 16
236311 691373 75
342057 383003 15
614212 84410 61
673753 244301 100
421925 528027 27
952857 22286 74
207758 650117 78
431130 527018 63
198166 18049 68
951244 20806 87
186926 195428 6
983694 476 37
549582 151211 56
974919 22422 61
828880 56550 48
285216 364702 44
849059 147442 41
39308 714692 22
897767 54757 5
550483 428624 49
427060 33655 72
2335 109308 94
443288 505683 28
801039 79059 9
316355 445482 64
140653 1004 12
172140 595116 10
842827 59322 31
185478 444244 4
35146 619254 53
10698 751399 3
616606 179464 52
487804 379910 10
181149 2183 76
351209 141329 61
448373 545480 80
170289 235669 88
398950 192469 89
4900 315474 42
808478 113133 16
271814 379751 33
662242 193811 56
840399 11771 6
244895 252627 37
920664 27653 33
551181 369022 72
293125 172910 23
282561 645150 50
319976 259766 85
352447 313068 88
770488 207718 21
153914 534442 84
862427 67512 97
960042 23975 25
656637 43578 45
965067 20448 24
600025 229570 7
443160 337920 49
909524 18136 49
789231 145976 53
653080 105930 77
547246 242598 34
582631 204212 4
586651 69311 75
775618 89295 46
135380 593416 49
840063 14619 39
742743 112233 90
935738 32411 17
248472 232729 60
479804 8292 22
408437 366737 4
189837 307734 44
466118 2434 81
737841 174136 90
529922 252594 60
244938 6169 16
976201 2514 18
422793 429517 97
649393 325700 4
327086 190187 35
569636 185877 24
784527 208638 69
802301 69533 32
581496 372137 78
618479 222751 8
834554 162408 49
714397 600 72
126549 773363 2
196406 585786 24
547681 407902 1
415573 313320 85
607759 255675 62
337218 515855 85
447091 229346 32
803369 174504 84
93290 287074 95
779550 26878 92
990129 5278 96
50765 286741 3
315452 118974 15
640955 317691 18
700803 282280 69
746882 123070 62
997612 373 24
733864 149674 70
864909 99362 13
388933 6889 77
43395 204318 20
868677 34877 74
474589 157524 53
108964 628350 6
147255 448483 39
678708 130721 37
754572 38577 40
408627 334647 53
466142 259958 84
280712 158385 19
75491 61906 16
64414 502854 53
478519 384500 22
592255 69633 35
232370 494324 61
819281 5560 14
628120 2072 15
119895 264492 77
842920 35451 68
221040 276947 77
929002 24805 80
123702 358571 71
218270 476974 58
351645 450912 56
372747 106553 79
359447 146702 56
882651 107521 60
167028 396030 87
205789 42740 90
751295 2483 57
18891 840622 48
621223 305233 85
112991 488177 52
927490 43601 28
459596 434622 77
392707 88979 85
494867 155587 68
463595 108477 18
807444 86195 11
101160 474136 71
13161 792213 95
628629 86239 97
502828 166433 99
568648 180215 2
121054 475668 17
802063 183051 43
402281 434951 96
270110 515145 58
534525 85665 37
651089 233425 56
629629 202916 24
120074 423995 14
331382 28240 18
921951 69836 6
812284 161202 97
178616 164505 64
807260 89225 52
580030 140126 57
850838 147907 27
465456 263772 34
296455 501815 64
409500 506126 69
39436 95632 25
638660 271946 3
817731 139221 48
855496 36052 25
84313 420495 7
770740 93878 74
619492 17318 56
806022 124407 26
240758 755128 33
679857 52212 33
425746 23911 81
679743 2186 96
177151 819422 15
121864 184634 69
30662 67076 58
507789 307244 75
54738 483043 17
81456 181596 57
447127 125639 4
844656 85779 28
428302 150309 43
485637 373283 48
33395 619433 81
262243 602553 7
427573 278102 16
949014 29279 35
185910 404572 83
625071 237820 83
928916 22537 10
89641 57316 50
449640 203339 64
133363 196937 99
809718 176247 76
521047 16344 65
920485 15932 20
44930 274275 24
932065 12626 55
69488 925645 51
894214 103862 4
758857 15525 40
576862 48346 43
282259 679530 74
985492 4370 13
703013 30804 100
335362 263323 97
290423 588373 50
640508 153316 41
362339 95783 1
509701 200659 13
953153 26671 90
929393 56292 71
673577 300851 51
919847 66665 54
646267 170249 57
230451 738912 73
685073 312714 69
421302 32700 47
267411 295385 7
820174 101282 99
458442 119877 93
842916 122184 54
414959 364833 20
587063 146857 29
810861 49611 33
5362 371068 60
340907 300833 43
328713 618208 68
422197 526095 60
3693 893987 57
998569 860 61
676827 93041 92
669402 31625 50
793863 2570 32
368707 505820 76
228929 148893 2
82084 684318 75
997670 134 38
209632 559889 83
141622 226946 35
904670 33681 98
526032 327740 10
723714 125416 48
505692 348663 12
252068 229954 100
679382 15385 92
96654 189799 22
