1000000 3000
707262 206885 98
348030 249833 18
958984 16071 37
349694 544737 77
867294 114664 74
988136 3316 26
958215 12039 50
913271 13096 84
865949 54164 76
117714 843353 35
238324 288001 84
557481 419360 29
633036 83714 8
755452 29170 69
212337 672360 26
876688 4974 59
258483 15993 46
157996 670531 19
219853 368339 86
289766 115080 30
944699 40964 85
451656 7366 14
151600 599400 2
492547 175278 33
61436 434372 47
898581 15369 41
164743 240392 76
881871 14477 26
427265 45105 62
458504 311834 50
939749 57086 47
935128 59538 62
246380 548797 72
680869 248516 7
180774 796698 40
357233 378847 52
934653 31072 6
286639 444051 82
539039 297091 51
805386 34213 71
988927 2307 78
209855 463984 2
828102 66708 54
923980 15432 15
906857 89 28
185516 691679 83
883647 76490 15
577141 395023 41
74229 24761 81
839746 130531 2
951614 3747 100
625516 215098 46
102333 523407 16
556186 234723 55
381543 15363 55
473319 469347 58
333019 642612 59
989686 4846 29
87470 547996 57
692813 107108 68
491683 292251 20
984948 13224 28
344733 582707 62
712057 66801 29
147514 349418 33
179900 275257 18
632071 260170 19
924620 61763 85
228684 693647 30
938333 15422 24
765436 77219 89
394536 10136 19
835662 144713 11
255714 425623 88
223682 660365 5
879875 96603 74
404643 435590 44
464698 352777 3
275785 54567 25
88990 238034 31
194250 203377 12
578914 174648 71
508528 142407 75
104534 625134 46
670772 217362 36
29290 668773 93
614874 31540 77
609899 320525 16
556588 209442 35
518485 324690 39
776566 9103 29
888415 99590 76
606426 390126 24
116143 570929 66
902975 95168 100
778408 85397 90
172789 701049 42
202395 79788 20
201618 754890 90
173889 796384 63
809124 144064 57
475222 230750 76
879953 2654 88
968320 611 61
474555 408506 88
39850 923690 92
209088 446811 42
49759 918438 92
372827 165041 2
978208 3476 91
146489 724470 80
441163 487588 12
127684 49322 87
578978 242179 44
669602 40849 85
984912 1050 22
220468 213608 55
506697 213040 32
443534 145125 6
363742 450989 86
139586 824473 86
990094 7404 44
315260 457831 54
138312 675618 80
298251 143900 61
57658 590535 69
634143 265350 32
504963 95787 78
33349 17309 57
924071 3952 89
79644 341061 60
787487 117377 17
343966 35817 79
869985 64442 5
330057 15245 41
288198 19875 48
946235 40072 48
850835 77755 100
699946 205750 17
673982 283635 19
481448 88693 86
72553 459585 1
184986 136042 32
46115 448969 7
737335 23627 91
811196 82250 79
203003 561558 30
647555 310089 20
439654 213889 99
216497 285481 84
869289 44155 57
17888 825367 42
99225 603314 27
313767 528754 87
115191 866785 42
947769 10970 25
425031 317409 75
511747 127887 57
847274 5103 26
992205 1067 73
595657 212464 38
186595 507933 89
715887 199686 31
750870 176120 78
659757 258264 65
662795 335524 91
203999 704075 38
912569 71761 32
991924 4622 37
200444 772674 42
668819 36539 5
904305 23324 85
816582 148515 84
581932 190948 65
508673 198472 78
660196 131965 26
434462 238294 38
226345 284534 92
849901 4193 98
224332 68438 4
263748 153114 58
414950 66776 45
8056 797943 91
424777 176798 86
89667 585121 92
447600 185404 50
983213 15651 46
718186 112134 42
926116 35284 16
387677 108762 66
480279 382060 12
397384 21459 86
652655 238911 87
852699 54405 56
186815 123299 90
510716 366434 45
602966 25862 13
630955 124952 23
937007 57537 77
846229 3188 26
317505 52171 27
3409 591370 47
319349 569267 9
214258 185167 83
803641 110809 71
677065 284040 9
217672 600415 57
484479 349016 91
908963 61675 87
350738 291127 46
449018 483256 85
321730 387485 14
767257 136804 63
524498 12416 69
149462 296711 70
187247 409854 64
121906 639151 72
704428 52867 25
787248 172735 43
233739 65737 95
135416 743298 18
25343 316145 54
688261 194865 47
713892 272358 71
249245 135900 98
718430 125836 59
967133 863 68
245055 541413 57
574321 222931 10
96674 527974 60
188256 782943 69
510840 270415 81
484792 327238 72
888199 78927 28
908246 36354 1
213032 623198 81
641238 156711 18
398762 130093 43
207017 172558 11
63667 112024 43
565198 321202 94
118879 105082 20
71888 94387 79
248060 433312 56
656247 92834 86
681994 130257 51
148446 23072 63
447098 172792 94
364280 20595 31
764091 29820 18
517676 191517 98
462151 89166 24
718859 269100 52
209797 56531 72
871224 48460 38
567991 905 64
155958 759643 6
238200 180797 11
998258 709 41
652202 62605 57
477028 378094 80
227833 81114 19
570228 403620 96
132553 498238 79
120730 96022 22
190279 559752 11
152723 145158 5
719860 156671 96
41438 200419 55
945341 25557 100
879931 16820 12
911518 85484 80
606183 187537 81
248977 233035 16
152675 487469 10
18258 965009 97
989980 1488 18
911233 79579 74
36800 381178 81
752066 139508 33
338394 81185 24
991000 3355 98
420549 369481 63
34694 478015 79
456600 119460 94
493213 245135 38
741258 199749 25
891704 37073 51
563900 300260 60
693717 247159 86
184003 33562 56
979087 15804 71
123530 384726 65
839981 37638 3
887938 44040 15
620947 234272 74
37834 886803 32
542832 433353 36
201098 451040 37
700413 180262 99
474681 134857 49
592197 36945 57
263369 474472 48
309506 498827 89
267160 621658 84
245771 20723 37
800808 139207 97
600274 194754 22
76446 679188 32
553123 269868 55
785704 171718 84
926720 41928 29
594977 292665 95
485414 314218 61
105711 852695 58
333009 76260 54
325865 671940 14
920357 39503 8
107452 847670 93
23017 814608 85
887836 38678 90
983179 9749 22
289753 234853 93
803073 41356 45
677901 211687 43
286043 590758 37
438123 353494 32
866935 45990 41
533350 357490 37
973604 23137 55
800324 86994 48
94419 189527 4
167489 468753 38
46533 242709 64
686680 272652 69
208669 131396 77
72690 279321 86
92680 812040 98
458985 456418 1
70785 283613 67
996984 824 35
905132 21690 63
39835 417324 91
531466 149215 22
760669 205427 100
361411 412670 60
909487 68926 16
291493 243663 36
638426 268390 24
68025 517200 79
899312 12573 15
583311 57187 28
414459 485841 57
582624 177554 8
927556 11632 85
319074 421386 59
951036 41705 99
296622 466267 7
52122 85669 7
700839 260555 1
897077 61159 10
960123 2327 14
327662 561113 9
307757 631317 91
137317 379041 94
178808 78523 17
136577 216691 66
510134 281537 14
666372 188289 98
384539 566773 20
956420 35126 29
577047 104382 46
565994 97419 54
294417 473590 95
658052 255890 29
389820 601047 21
620244 239129 45
89828 504303 26
372804 154214 7
664452 241173 81
213844 323584 90
523026 296536 6
713018 265183 97
397394 532884 17
866670 35562 79
182586 166660 12
224845 375494 55
803601 45802 48
230833 435244 20
501360 23312 29
295747 442300 47
39253 926328 71
393939 474694 56
284901 218023 82
662502 132796 9
502042 470091 58
980982 9646 29
598228 236501 65
224741 677282 3
373441 502328 7
206361 143371 62
495356 465920 75
312600 277734 38
902095 38405 29
746589 125614 25
232670 553071 68
687764 279861 26
109038 418452 56
419336 268579 65
811844 43548 82
307602 542722 75
415425 283063 48
409230 124447 23
786140 165297 17
273941 517693 73
628306 35136 90
246585 669079 11
265711 102255 39
134109 154363 3
97018 444871 57
410515 20478 75
174758 592646 68
163492 363594 44
673394 127539 75
300929 82828 1
112365 502958 93
724322 110693 66
893869 73130 32
134012 368395 64
979676 11682 41
298414 700025 41
104594 746861 79
637682 163037 94
572354 111796 91
833594 43848 42
40978 618356 79
610320 130812 21
994091 1640 65
40289 864465 15
401127 385694 11
193811 190515 16
783321 144346 75
497636 508 83
545975 326416 98
814183 5785 29
801726 116134 12
645831 134008 25
473859 507924 85
216005 596667 46
516788 108258 1
411417 561298 87
455228 153640 7
567124 157145 10
478860 487990 46
344030 211849 23
423894 339158 65
863415 98539 30
878651 42273 48
500567 497463 84
278814 69944 75
809870 16704 37
663366 117677 74
590937 300568 67
642415 175630 74
27341 557015 58
260611 90176 90
772238 96460 21
247022 352670 65
875070 12555 3
552396 136141 92
820271 106333 4
456824 449312 72
387885 582511 31
744767 149118 5
196130 29534 37
209176 627742 22
589476 343500 4
607210 127416 32
823846 5370 45
717845 141399 45
519689 219898 69
982459 7992 49
60092 183235 32
994940 4231 18
648891 111677 4
99233 315055 49
523738 363212 82
509901 77127 76
778592 154696 68
389793 159620 51
388747 19634 18
961231 13712 45
713474 144954 94
406045 184094 60
914016 67681 7
621735 49516 60
829050 120829 91
91742 486849 55
899531 80883 28
74879 458047 29
408350 102480 55
946790 11014 38
746356 167217 20
778535 206637 23
314049 201484 2
780475 38138 26
993441 2873 76
701435 274845 23
869716 59669 26
760121 75153 78
347771 594195 83
499172 193070 10
526974 364395 67
268264 170096 80
792762 160494 37
503644 189553 89
80820 461138 78
659241 202630 33
310324 512715 6
177942 350023 29
891202 95673 15
793298 40574 61
319056 609653 96
456852 443295 57
296199 199792 62
224951 263592 30
934804 63172 51
963569 34923 87
615315 174864 82
74690 762195 90
563513 90954 96
720397 219612 99
230559 756567 97
670817 49786 64
21053 629907 27
203276 316867 9
510152 127640 31
334430 148277 27
263715 215093 91
627528 247887 64
593548 75312 25
659531 227431 81
840752 35574 83
268347 446277 49
926511 6047 71
154438 593814 84
419103 205243 41
425554 140545 12
223141 636409 100
191144 534135 87
688247 221508 70
823363 87353 76
144573 114764 73
454190 217168 3
89354 493692 94
443430 146261 63
83697 42025 93
654689 158873 80
20481 509810 92
824944 48281 45
318460 610090 39
738915 206832 96
883526 93006 24
641316 180934 12
979537 10533 9
736300 17677 16
593321 372788 31
429984 208759 92
19169 581164 69
211868 250754 46
675619 23209 86
471726 269203 73
227896 104197 92
586350 206806 24
676265 118799 72
821560 12942 26
300720 220679 82
980837 16222 95
168249 798001 10
165225 134954 99
124593 185636 62
197167 108331 93
13445 794720 83
394515 281169 34
668031 101380 59
558234 188534 95
389280 236104 68
761750 101659 88
217308 427870 88
676092 4147 43
360244 153915 96
980620 3394 37
612791 2670 72
292239 542768 33
478477 276088 9
171484 261130 52
997366 479 61
456808 19945 28
937272 49240 42
683776 53 8
432233 278350 22
988676 3793 51
166974 446754 53
774399 16942 7
385474 90815 77
731755 88369 47
626800 133678 7
509859 212490 30
555458 220668 100
30190 46900 67
418929 302516 9
333693 228429 35
58280 171724 34
591204 21183 71
713101 206176 10
719624 186932 59
306068 371469 87
204258 347518 5
512159 191468 69
708960 98638 93
794156 174155 6
374901 215477 25
568382 109849 86
43977 816671 89
378635 128832 28
215637 242425 94
862564 128939 36
424938 487891 60
212193 484660 77
812275 16193 3
479937 191280 17
814809 182640 61
492906 440231 29
55356 22538 17
910014 69323 37
864707 17202 77
155129 519002 35
825141 114353 7
641785 273826 57
981432 13963 4
455621 466032 5
358152 464902 16
702191 14915 30
534911 100914 79
978870 7835 67
213334 575912 50
505782 78038 96
383836 387545 30
581669 238410 41
193175 123284 76
86493 896160 33
547357 139009 58
625617 257488 46
901141 74525 81
190134 112812 96
632345 228491 39
184575 1373 45
410790 510060 100
669210 38856 44
619072 235056 87
735058 94541 72
662225 305984 11
269715 242648 33
862419 65941 60
402239 216255 41
232684 154412 68
88095 856032 63
733818 132294 100
216791 524528 74
231217 679456 3
119386 874678 22
676074 182329 22
541250 186265 54
723949 154392 28
721782 33642 12
782987 79609 56
392900 132171 20
465805 41090 13
618573 376093 34
227081 416374 41
811583 131876 66
672316 107790 19
970750 18500 91
725798 108573 62
49134 83946 65
435304 538174 9
265437 132156 55
688271 225315 48
614559 363892 62
797385 159231 39
367043 543509 2
16395 121010 95
734662 237046 93
595052 171480 95
493099 391438 59
389553 326438 8
630013 123188 26
819002 116222 37
620113 93839 75
120262 730078 29
218018 336141 86
689034 124511 93
524765 44052 94
237504 13514 71
30010 907538 62
992683 700 79
792291 127015 77
476299 82746 96
838747 75343 46
876188 102798 89
94644 434505 1
486853 52315 90
452520 43553 16
771001 64018 77
499655 423923 67
402482 552852 74
44217 563930 6
839494 44525 64
897260 27594 56
671089 14600 13
855762 7370 25
146106 471847 4
486214 9952 93
931050 26837 1
556341 19593 42
970744 26259 29
902502 95914 74
510261 165793 11
9192 562636 60
337315 21573 69
911259 50340 56
583394 192632 11
924129 16745 85
401987 439857 28
865733 50984 8
647443 349256 82
53174 459318 28
117171 40749 76
360456 40672 91
846742 122315 22
876025 92366 34
675253 23106 71
152880 201586 77
65926 35089 66
141030 757786 88
854846 15437 42
351502 107085 42
799724 63048 65
8531 678867 24
711536 204636 7
642911 116505 8
293304 201884 29
843401 148452 3
562468 282801 70
873579 40539 27
335250 521013 51
110498 43571 28
795473 149028 17
749375 121257 50
349959 402138 19
187613 537507 71
321543 258343 84
582203 105300 40
242335 179715 1
185152 105348 15
859553 87258 78
595868 64887 30
283700 179758 19
284618 206678 58
765929 71162 62
490906 332350 91
616564 293204 67
965025 34188 85
511540 227399 94
930317 50278 10
629135 83883 69
171302 657787 81
851273 67776 53
294694 544743 54
588995 137671 49
336768 205686 92
69605 334032 89
622581 24857 72
298480 483810 24
417859 365026 27
882202 114765 24
252970 332693 72
247685 88309 90
948229 26356 36
555270 96156 85
365587 39381 76
711736 16127 14
53929 224990 87
321780 178855 66
95 706135 62
168381 576137 30
91695 531178 55
22674 549585 90
393880 132609 15
868276 51138 15
371626 360279 95
799345 46195 60
727551 61669 59
53000 153252 97
176893 352140 92
826870 165784 61
758709 115646 58
26977 586098 57
595030 382941 72
656318 30470 34
866929 106596 40
192361 760843 29
648615 240390 44
102202 163214 50
258098 186487 91
904726 53299 25
688635 27923 61
193992 637764 46
686629 126797 43
732171 12778 95
814734 1518 31
818555 62262 9
63875 4290 62
893665 24119 17
754893 43627 62
535468 122860 35
808411 108946 3
800508 129484 64
564118 295202 34
171949 60008 52
267440 174533 43
674780 53195 69
785480 191598 36
185739 636936 12
95059 498884 12
855543 20562 10
990321 5937 11
510252 164546 99
686621 57334 4
433213 22336 80
193694 568099 62
388279 155250 82
636383 55595 23
181491 271 75
922591 67627 80
660835 262231 33
680619 34811 94
369019 2700 32
274885 717557 23
805133 13990 86
262145 719924 15
192116 666886 1
711365 176460 24
619785 55060 22
276774 551706 68
657594 337130 19
322964 23537 78
631954 227026 66
745491 236255 84
71970 296581 53
667207 168569 88
262393 78193 32
229459 507520 13
593570 336393 27
591741 321284 66
462330 355916 9
901593 57844 26
367500 268343 28
642705 166211 30
322632 362930 78
852593 106448 4
603121 115261 65
594882 240986 89
592125 367119 18
888383 51677 24
445458 372097 63
241641 116310 17
977276 18823 19
304173 605471 35
667832 313445 90
648660 143093 99
174389 81552 95
933438 55807 14
669806 220572 23
468544 188131 29
712600 63437 6
467486 432972 40
44379 123921 47
523294 251284 98
632664 296273 97
927738 60703 19
253491 570183 26
640703 352961 76
84916 208163 38
229729 705000 8
915650 67764 38
315213 328394 76
64045 488599 93
212710 728211 96
699714 271481 33
950456 13958 98
249092 223763 95
423512 329382 98
311072 106018 33
279279 107269 72
796592 137433 1
212443 303595 24
305968 136967 8
248160 186090 94
562848 129872 1
26471 964466 17
170852 223093 37
201003 324751 34
875980 48687 7
88521 202699 93
933432 60348 56
848192 39157 81
906773 51236 29
167099 103316 52
172720 93999 13
811342 48133 18
155835 539747 34
227521 56883 22
209739 204906 78
600686 229090 85
182951 137639 50
368256 529882 37
422997 407475 50
276346 239157 93
710050 90597 16
10153 600270 22
412934 217880 69
505246 168412 100
241275 20624 42
60398 878467 24
63617 547998 92
790211 145034 10
960 547096 98
905282 3639 23
537103 139945 24
606495 323431 40
214094 472431 63
585863 277355 75
227522 479424 93
282908 271737 69
212974 333030 94
788401 36714 54
740921 92217 66
85040 519513 16
171389 791786 96
912276 43286 33
294388 43896 6
625242 109135 90
416375 557387 35
249820 614102 41
135822 605482 39
507901 303512 62
280051 273682 30
563248 182029 82
465246 35931 77
685631 179794 8
407403 372401 36
758343 183254 4
555129 48961 16
39787 332757 61
695044 139246 24
94729 409619 30
262955 456080 2
952249 4549 23
252654 143395 11
63571 657269 41
299180 610946 5
164061 776822 43
29853 299552 59
48398 744630 57
823095 50856 20
15568 130564 81
953570 6391 70
731659 63259 97
582053 96818 95
113031 841072 24
747783 52789 47
208831 182746 93
426581 424938 74
293551 403040 68
643562 268195 10
303592 470112 53
101556 379292 84
809727 61482 14
642000 96513 85
621169 219300 59
764250 223724 55
228715 70679 89
996570 531 11
991737 490 56
712376 253586 86
855199 117668 92
303751 505724 7
311637 256567 36
508470 88310 66
122980 842493 91
584318 232537 29
784363 124581 80
344700 506211 61
666637 40832 65
987964 11301 36
416986 260705 7
311377 220015 67
278962 411248 6
583430 294859 39
419031 363907 73
75495 571489 29
886408 97032 64
285675 594236 80
579777 226936 93
389987 456507 38
203895 294919 14
677120 179276 70
773192 198336 49
177542 229997 66
54720 404196 46
532822 83450 34
65642 197902 26
317166 593618 71
28284 301865 76
57150 751529 76
94650 270859 82
79875 627567 36
748856 54049 4
239523 382726 1
277244 56778 2
406153 7073 11
495439 423787 67
848955 10065 17
329346 325910 63
859599 92989 48
70151 15471 50
669878 292250 14
314157 480720 22
679683 88877 13
377464 410916 84
199962 339130 100
907857 18069 55
650041 316806 82
579042 68674 17
974660 9604 91
121208 693978 11
736283 222602 85
26747 690245 79
161712 281381 20
333314 565413 96
244231 325785 79
814826 154789 80
938596 255 75
477969 87924 42
459903 384299 50
178289 310371 68
78138 99502 6
462728 51073 27
744680 213689 87
356406 193550 21
807769 95321 36
592286 136677 44
295729 632691 78
585472 29954 24
320038 581969 77
736011 19390 49
677223 235901 41
490824 159936 99
603091 320093 56
941254 52464 72
379820 237587 16
67446 554658 91
362474 23038 75
621863 93256 46
994859 1392 71
467710 405186 30
840288 40838 95
117014 447935 65
134915 145255 98
632030 171030 96
856384 142788 76
565850 208265 62
235261 346665 8
189567 350161 73
821348 163176 54
295837 65238 24
433358 89739 34
74770 174509 55
534336 325277 14
176270 195041 88
9164 766533 29
969105 12395 98
966101 24981 77
605644 313677 52
427757 314146 62
966781 11588 38
569833 387035 43
560938 24364 56
212439 373366 8
999820 107 84
880399 53056 62
809580 104450 12
735476 165763 83
695933 202641 82
261161 18071 29
271096 633152 10
854114 12869 50
818548 30239 62
479406 103302 76
937615 31039 25
276665 265084 56
834219 28991 48
352956 613377 6
583180 164474 32
581368 230324 32
862650 40449 100
761687 79332 26
927065 32945 86
94810 408535 95
91668 692184 65
922494 11814 4
777906 23468 33
695390 68511 76
180753 138531 91
978067 12538 72
226988 100553 31
701897 30357 62
486748 269111 68
905247 85319 76
426789 143142 68
586167 156940 34
424791 368650 14
320536 4793 22
381060 157151 88
179432 490970 95
174439 756329 80
33872 536396 94
245580 114748 56
842489 44404 42
828160 128443 34
769724 170431 46
510193 398780 39
797492 59758 7
746717 151859 41
122329 286294 67
110678 514561 33
187003 422791 99
307165 599671 27
924956 21700 7
750234 220722 35
438577 380694 62
161637 497808 13
193446 765194 46
838786 104800 3
724447 23456 3
831960 151814 67
991978 6035 53
988221 4781 22
477307 424225 98
783017 48437 15
332120 450766 93
51068 463431 89
970958 28288 72
167442 110293 29
39462 189754 53
684558 3476 6
155644 327222 79
8519 159244 72
4031 889977 80
762359 235776 91
294261 48439 38
534866 346619 92
800882 112489 94
557909 272738 16
817365 133028 93
721426 124803 40
390713 599053 72
992934 865 91
12194 157845 91
197077 517228 6
839920 21093 44
101451 677808 70
801722 161508 29
116057 527673 75
505359 89969 98
884414 68628 58
284413 579627 25
643406 162489 55
644309 38815 39
856623 68825 3
379260 465803 9
38400 703063 67
462357 1537 32
224575 623948 85
447546 232342 19
99206 575636 83
421285 48541 94
14045 864837 42
161917 21460 84
949793 45184 52
490613 465366 100
79475 685845 76
80427 536776 28
10814 37007 90
391146 524083 93
637727 303279 66
39518 66422 1
753242 167912 86
417228 177401 57
528142 373207 58
400999 241666 6
777960 67484 5
997955 1850 7
672335 238151 59
893160 10631 35
543204 279196 34
746472 205596 90
77845 902228 47
180655 95821 89
391037 395920 78
930945 68080 16
697304 220534 61
660394 70170 5
596905 60274 87
968215 7660 54
757587 39747 56
795063 65945 53
103545 183675 27
333602 452609 82
190495 158092 37
983171 2317 79
156237 173351 85
886231 90599 72
68742 581205 47
661557 145740 8
951873 16289 35
953018 20439 31
15396 225524 61
63928 282807 91
619076 34953 91
795373 180921 35
86185 788597 91
146663 797843 9
246725 462990 62
355151 24301 67
639875 56377 96
167904 483069 95
274547 6243 38
142692 343350 36
344792 467734 41
666525 80605 7
743567 155850 83
626083 351714 67
650978 173429 99
353378 482595 46
196773 356646 17
327109 626058 44
854890 95576 62
147411 47479 18
757471 161307 45
250611 692773 32
289912 263556 20
124018 93654 86
426080 293155 6
934219 35650 27
614651 260354 45
470365 236066 12
246838 442263 38
409440 439148 25
341481 162594 75
574105 210919 1
653097 187267 89
668021 59398 84
146997 533630 98
434419 304325 48
877891 72768 78
567760 91083 78
651049 162550 89
575622 142852 1
903549 59755 18
612628 144836 39
805566 173208 11
185791 791608 46
826951 10707 91
228632 707939 63
62643 881025 84
331508 419661 22
651508 320125 19
305200 638283 16
736639 120852 78
955800 24153 10
365154 421683 92
907888 64757 9
742309 80825 35
506891 104113 68
216880 330125 60
127041 61781 53
576427 271752 94
491034 46317 11
650796 270656 44
617488 293552 68
92969 403683 79
306406 453357 85
581982 145017 12
427919 456028 49
227099 393701 35
719840 277277 24
540116 238341 94
309912 499108 59
739235 132753 37
14027 405316 92
968056 17076 11
489449 491321 26
40044 66492 12
228948 532607 98
849163 142274 75
840775 92172 66
485479 290857 71
813234 149451 97
552904 368386 49
537491 62259 18
101560 51630 78
795375 117934 12
535620 307099 66
502538 458836 23
375058 554884 100
175274 547263 30
251663 114603 42
610756 226046 55
961124 35551 89
258013 511397 92
323226 329622 32
594657 247085 46
668816 254847 70
934493 29536 97
156774 193511 28
408646 137478 89
606292 336592 6
254372 633216 46
95382 870191 89
833647 106558 83
762556 4640 31
573655 417947 30
107662 457699 30
947496 44581 75
4627 255735 14
324276 666889 38
195100 212826 24
750501 11721 5
190523 605080 79
991140 719 74
590231 62688 99
617494 91294 62
860845 67028 19
683404 285095 5
415794 366504 4
426317 94937 40
998144 453 29
69763 121267 55
249013 37267 27
750996 172733 65
352710 244168 20
472691 63056 64
397849 180969 98
649226 286650 26
619998 373615 32
976685 21492 89
131047 12260 41
700097 157218 25
285937 331860 1
278820 662027 97
808657 60291 13
334982 601486 89
104993 884495 79
903863 21215 48
858067 88198 68
587172 394872 90
778774 11696 61
796405 57042 83
7873 318585 11
96125 315042 51
876523 84627 3
560088 131878 39
262777 484821 18
259935 504261 7
813963 81875 93
353420 278808 49
986530 5738 80
783828 200040 78
194547 710918 73
65437 743191 11
398317 71806 7
986904 2423 73
574813 55521 18
82998 646856 82
413020 563868 79
335399 249833 52
221693 158395 80
13960 963840 50
104287 494400 16
866679 93605 11
827406 164650 48
792855 142298 87
924133 68750 23
308882 578474 84
79660 444421 2
156916 521151 43
487954 73585 36
808783 74026 38
832283 156809 92
54305 332866 74
400384 517551 70
924661 25095 78
858820 36777 79
451915 297261 37
33754 608621 9
205374 52423 18
716837 86167 55
702607 229074 12
470905 222019 38
258969 570828 96
336290 369823 54
329788 335387 54
39878 898856 30
233449 72746 57
680402 239922 55
940730 20322 80
799275 182 97
667597 233792 14
758719 63795 60
129336 467655 70
223519 174433 14
342930 415161 27
199621 520827 85
105977 449171 7
817774 42754 51
221553 73290 51
442305 291266 71
941478 13079 85
51230 735126 91
578356 378218 30
952657 28427 25
504759 188603 79
690091 39083 12
911603 87497 51
342403 635395 56
756817 29101 73
904733 32066 62
953746 2260 68
973764 16451 87
18882 804324 1
375944 42031 76
419199 317208 5
209212 402696 49
243152 699812 21
646290 221832 75
568716 162462 27
846115 98891 47
746621 166905 62
888008 48037 51
758443 96506 85
577629 150758 24
175231 700413 72
327033 88465 88
743182 146592 42
810927 28207 6
546733 351643 43
163684 450241 15
307452 421605 49
359528 276076 42
453259 162524 93
897668 79901 16
530137 59625 36
756959 155303 83
662386 311032 39
755437 90106 57
59473 624378 20
726568 233216 3
633856 110107 31
768216 95816 92
277756 334979 96
786762 49777 91
898727 92956 4
327164 418071 18
232006 520122 17
964327 1257 89
353708 357689 17
469506 128925 89
852477 86380 77
604572 389215 25
959414 1463 54
410622 482616 81
805454 183406 48
532241 219655 94
612117 306553 55
454810 236862 51
242185 78325 29
728681 34933 69
647383 226430 68
842889 86496 76
418198 290993 3
907432 59605 30
486965 96376 69
525826 68135 42
964137 27077 47
517599 453075 37
389713 235878 31
447615 510037 69
392895 4433 53
611852 170404 17
832937 59641 98
624638 371326 85
186434 190044 66
755960 239456 56
127270 616273 33
569540 150477 59
185770 748556 82
711108 92685 85
580145 265444 4
235435 289665 80
266338 205047 22
809653 43396 38
376114 528670 56
338036 226126 3
936771 35942 24
965673 15001 25
36040 935838 84
428540 328645 74
931072 48721 94
380400 140155 7
886666 88584 75
596458 74872 22
510409 323972 85
181657 30540 96
241565 439370 76
403378 45420 18
693385 148859 33
116128 667152 77
695187 55943 14
861391 88279 9
711604 8023 78
39314 853112 32
434988 217155 25
44926 359599 92
866199 80436 65
215018 104495 29
48486 437035 48
186744 316871 25
642162 22013 43
352635 335389 54
112649 525074 10
283080 256913 86
527849 406835 78
520154 280105 13
54360 801489 49
925090 15707 29
545914 77096 25
625845 27747 61
242955 535641 49
476748 49064 54
116237 309986 38
302660 638430 30
559864 239060 65
511886 466090 5
506243 113293 92
859014 77219 67
801469 196883 92
579356 385238 31
115370 768705 20
964665 29714 94
428332 570843 64
127671 104523 56
667199 158886 70
278387 609919 60
886653 88694 2
425980 126800 75
564997 409509 46
960740 38967 60
897093 59134 40
854003 61969 92
835965 158202 68
110952 777294 97
688498 43393 45
961792 35590 18
538521 365568 51
676705 314795 50
958571 10036 96
691443 89435 97
251785 383845 87
593319 121231 16
477477 519815 64
854461 75178 58
492664 24390 25
699197 197584 7
348329 342027 32
296569 51893 82
17077 235565 60
876738 79549 95
925841 33491 57
583533 44116 79
100131 96035 28
818817 137553 23
494867 94724 20
490585 232945 43
297775 194869 47
525826 383671 76
72392 28864 1
763831 2705 14
77991 557404 23
277715 41588 69
742951 220325 92
79740 63626 96
677532 125116 28
542040 124772 86
165702 296954 39
878393 95755 60
597066 143370 73
143788 722707 27
320705 656292 31
533155 298802 76
259113 602050 87
995977 1159 5
948543 7690 79
733931 203487 9
172250 190575 43
135838 584569 99
75105 886168 22
347678 231679 86
97955 571351 89
140586 115299 15
597722 182169 96
81221 254109 80
383567 215559 55
611444 26189 2
870017 1581 64
531138 410970 37
241817 526548 38
456857 116263 65
43719 506344 65
756622 165185 75
344729 340727 61
520928 324556 56
815934 171124 47
881323 39301 61
942611 6097 39
301987 413347 100
175359 535098 56
877248 5936 72
172657 192468 91
92557 363359 32
548736 257713 51
739170 236702 89
59819 353016 28
793639 170356 61
981828 9554 31
208098 127267 14
819421 145109 4
234553 552067 87
571343 177463 51
839202 71427 17
116572 283902 15
370921 245787 25
165214 823876 28
562365 394636 43
710413 36013 44
488262 75794 40
4810 52567 29
594015 318679 77
605591 121991 94
350475 165987 21
968765 566 7
588974 179766 87
228291 33174 14
14534 977378 80
866606 72418 85
965977 683 63
188823 465342 50
87870 63283 43
280523 267397 52
489109 235454 49
16821 691908 81
915376 27250 34
823088 400 30
16291 405601 25
682570 134086 3
665381 35943 54
42362 692156 76
80915 73906 96
655306 282175 91
613026 64768 78
209261 298105 82
841658 155944 78
184330 589854 34
551786 1992 6
634167 149083 31
259323 447650 63
423796 481235 38
396543 312435 87
533954 180213 85
286122 187814 84
708782 63700 2
822829 126421 28
161718 284443 90
137784 485525 77
485930 227645 9
489587 418001 15
573912 3777 32
991120 2141 70
309038 465110 40
173228 295056 3
833862 10357 36
300393 490584 28
427621 66983 32
844367 45065 48
936476 33268 36
258217 563087 80
767804 185172 16
249028 676008 91
517020 217604 11
691767 47744 72
601296 251923 54
891062 83903 63
371166 340986 74
504555 317297 85
108773 649783 13
553256 371645 24
801341 36652 84
726441 52585 73
349298 115782 24
311240 142532 88
260179 238279 51
279040 144020 53
813958 101094 36
165162 57197 100
476146 53787 31
778960 208115 15
355202 596177 26
838622 140556 81
620073 262316 40
796056 109463 62
446042 105405 84
289538 598958 33
405825 340612 58
479489 16097 63
324782 271059 55
711253 25758 8
102484 671982 75
621006 93306 13
753644 202389 1
462503 510788 84
489843 18297 56
252178 580252 67
520968 196261 42
857583 79625 53
224278 534519 10
140989 689884 35
467355 291841 49
292739 232428 68
818629 178252 9
59984 317630 61
105124 442354 40
109874 801142 69
176347 203181 71
144956 353515 30
19440 274950 68
320578 25126 49
97088 875749 14
934105 32488 70
800590 26695 52
390378 223408 25
807492 7443 21
717520 96003 82
76474 898445 35
888724 19291 45
358949 166858 92
264059 255431 36
656701 20780 12
688063 142793 17
972775 17917 32
473070 499907 55
631664 145090 4
812585 116296 62
544960 176384 6
266257 105354 8
854596 102855 65
162 466258 37
7450 787674 95
378198 337057 54
326112 561873 83
620037 305624 83
613557 45872 32
494516 54879 38
690032 67607 4
735819 185 76
546952 202135 99
45747 342260 43
103646 315373 49
976302 7636 74
282180 210675 35
532729 353006 87
688872 137264 94
805112 144432 13
305900 486575 70
595338 281246 19
785626 175164 55
753639 111274 18
852787 124373 25
853749 120185 1
161294 90104 83
656193 260250 76
68920 248812 66
920035 23377 5
418652 150071 68
446119 259259 23
775223 196084 37
775172 168544 41
157382 441493 68
338436 460626 19
158202 243379 20
665358 117555 20
686675 265228 11
621433 57377 1
208899 431601 37
572678 2713 31
678486 10566 55
234315 204164 62
950067 23951 93
160079 549720 100
124877 783670 19
122707 797112 95
798433 27267 77
443166 494761 2
389575 191515 38
52437 417853 70
461101 12597 46
334221 174622 27
449961 412858 55
310723 190240 22
875800 66740 17
700713 117030 90
182545 785583 53
215482 174191 49
942936 1185 47
805284 159492 56
614777 265192 57
149447 460118 86
303882 8383 2
650887 154174 84
213509 341819 7
105278 464039 74
915669 12773 73
213664 263109 90
133267 316617 15
549040 282780 51
604180 303497 60
615028 179810 58
954437 19535 43
734043 256243 49
725772 243297 56
340117 440180 74
192724 388975 96
349640 501318 91
832314 142109 91
507804 23337 84
970520 318 46
30231 705843 49
287783 433150 63
690955 194475 95
455011 432653 17
204167 622364 46
328008 235891 6
621797 217675 73
806443 156897 49
244159 750220 21
230505 98053 64
508732 166787 13
235485 201572 47
899163 45752 36
208010 484888 86
789622 40519 82
150274 201786 28
104868 126306 13
626944 267722 18
399249 34908 73
879274 106991 31
681659 305613 26
453505 353214 72
721295 194187 85
593023 256664 21
379700 37059 59
686825 76069 99
861629 62935 96
882010 16177 74
498850 32926 56
228890 186360 12
50265 586104 2
699588 212050 70
575537 138636 74
855128 29943 85
668069 301318 4
898188 10557 12
373286 279625 2
58504 854355 72
161474 682447 85
652594 327182 7
524203 436503 44
380934 4898 8
62019 723307 95
599853 356466 9
64393 149107 53
368645 80379 100
285686 111370 28
342390 472469 89
43626 469611 6
801515 104864 75
410676 559696 98
581190 158574 17
408005 162319 59
725451 202212 23
473011 475443 33
119422 758814 55
98003 626541 96
986094 9229 43
716878 193362 75
474823 111351 46
998842 964 44
907326 72248 82
577558 60139 85
255318 315583 9
410126 342238 85
83857 393184 89
579309 167091 59
875671 82094 1
826417 52757 70
863058 124081 11
764419 135584 95
715998 16080 12
195658 163638 3
190961 204167 86
278196 81594 31
431572 213599 42
43213 767454 63
775389 107518 56
275853 212571 39
645093 326225 37
307412 361542 19
38606 347788 66
274305 115536 10
474489 75560 52
684048 281979 92
809970 83810 16
516865 429158 25
221372 763250 90
833145 137790 41
158080 24195 93
829136 89573 22
373514 359569 40
858403 28275 86
66898 323647 72
348114 264046 41
680250 28953 79
618265 373338 2
731539 98167 5
59038 135678 60
185991 258740 33
350969 237387 77
955371 3747 15
605685 376772 84
730664 149873 94
749092 210401 59
202282 31727 47
150231 264474 12
30500 156262 95
936010 41287 12
465893 166107 42
625565 6477 26
229432 111898 13
642167 163351 41
709464 86913 32
249225 162918 52
743392 99085 96
629920 354273 43
184235 208292 33
73936 567588 26
981164 3931 87
22075 101899 83
551297 292675 59
164123 803407 70
129840 423343 65
222267 621507 64
620536 71993 89
121438 115541 72
124734 784231 89
569436 66338 25
309763 680950 60
90594 619923 52
765130 192099 82
212231 372557 32
347592 58847 25
771581 173134 30
868807 57300 71
277982 655213 43
654139 5267 82
535916 60175 61
681124 213002 98
308276 317555 62
519860 347346 17
96572 90224 75
743366 22209 70
333933 561337 12
386653 554049 60
954941 12982 47
727211 129556 89
15498 373559 28
550696 261655 65
8467 485530 54
988143 4853 5
636839 249288 69
370446 177491 70
657201 334947 75
638895 243446 94
432937 554098 15
209379 30531 17
360141 547912 43
210947 192689 53
1184 882893 1
388501 220477 56
830412 74793 32
326009 655099 43
307939 209927 47
588820 229228 51
217214 400474 58
550351 274320 89
227552 325880 15
816985 60476 45
283116 579326 99
258620 458889 93
927934 61916 1
19594 968352 89
288658 530624 83
317425 143089 92
959570 14286 88
244511 120853 71
384283 163345 27
179611 49389 22
3855 636358 4
775393 49303 96
917193 34931 71
882840 13171 95
856223 97095 30
865183 118610 21
181366 705616 5
470858 459330 57
692500 236639 23
123036 765535 21
86042 913627 51
711168 10028 2
591339 211184 78
866264 93382 25
908037 68618 46
46178 334936 50
635126 274818 9
684628 234354 71
472513 335281 7
636780 180255 98
900631 93100 6
370868 476603 99
321630 380833 11
802951 186568 12
152533 674546 92
554806 112110 30
344263 314319 77
616838 287080 49
332700 90951 37
72254 284376 59
773162 173088 4
580451 385055 27
795054 125954 35
835777 5303 11
294347 211445 7
345551 479030 100
186464 529822 92
978248 15553 91
707041 125593 21
304712 346087 25
589703 331566 23
839145 14600 29
796910 112369 29
684029 223041 10
610910 234053 88
267932 392460 50
984500 9185 63
658846 230476 31
616372 176017 17
322592 240688 96
247133 704601 94
243843 714317 81
453073 185010 8
793665 138541 53
282134 181803 6
688252 262694 7
226265 94022 62
701881 209731 61
164710 708793 94
154727 723915 4
167397 633680 9
134705 720040 54
280000 518614 20
984050 7435 37
798114 83635 2
517318 346007 23
545277 415575 80
410602 242841 21
713276 197382 56
958882 34473 82
849634 111777 49
65683 905518 92
969706 18072 13
342440 601300 69
315649 532357 90
3248 757936 10
252579 619455 59
652349 31488 60
265188 701896 82
518810 199303 79
914534 53754 14
612267 104557 92
332448 639743 72
887140 54982 52
183956 508693 54
895834 85027 90
97008 755967 1
40735 158499 80
371459 532303 91
445509 126992 8
280474 527522 85
519708 309794 21
624473 264912 24
306303 535731 68
247152 710073 24
848173 28112 58
71929 313283 96
197797 237083 15
643759 323093 70
178551 71170 20
768322 156453 41
488105 331396 74
758956 46557 100
324386 514352 30
29163 733176 85
581935 323195 33
182922 579213 29
339221 568098 61
699469 186659 93
341091 540524 18
320139 69193 61
149417 475975 11
535719 172010 96
872660 3705 79
758329 122195 97
929758 54363 6
89215 208662 1
863207 14122 92
29993 876226 99
157503 786444 83
742408 228145 93
955535 27441 4
818197 45409 62
283780 227048 90
909377 40260 16
63966 516073 70
241205 274325 37
607453 38872 7
644916 164534 100
324962 242549 94
177955 72746 10
191353 121738 63
931637 13254 21
62767 78881 71
675710 104451 40
332499 533090 88
219472 688557 66
803710 73615 62
71468 330574 79
404622 19728 80
540718 438946 63
343104 532562 35
519480 118368 52
827876 117714 76
781782 14526 99
859713 50022 9
43329 652760 76
509439 393572 47
271790 359896 15
960166 31607 32
83079 836030 16
121909 238727 63
856061 60641 82
869018 29564 92
690877 277952 75
620366 218983 92
571928 427426 95
318632 666718 42
780909 181838 39
681979 98107 31
719943 196099 73
705208 48107 3
465680 67451 19
620642 99580 68
146797 754016 98
679295 122779 31
653793 306174 65
966044 11967 22
798479 108269 40
551250 226149 53
653098 63352 88
455640 373156 99
302328 467267 60
866040 46312 11
764244 97286 20
897440 20442 85
444969 134489 89
122291 700772 25
168398 212938 96
868420 91037 10
274656 261891 1
231763 179796 81
787905 101891 77
686166 311803 28
824173 158024 39
834227 17778 29
527303 452341 83
949389 27963 74
36761 141303 54
427777 332123 88
432127 45056 87
906800 49355 66
574955 389921 99
478511 95240 1
440038 89214 42
79616 75108 22
547387 136562 35
621231 3401 64
970972 17204 53
404211 434114 95
449722 320457 72
444009 12306 6
371396 57432 34
457020 219182 6
646789 229625 8
979515 5172 20
600205 345103 98
190264 602753 10
687467 86655 35
736061 102892 88
638529 191525 19
747069 227227 50
468929 164348 60
641901 341490 32
226605 172994 96
993790 2832 91
900466 50271 48
111541 839752 54
579287 85978 82
359187 100084 15
637788 194700 68
503293 477813 13
217701 66152 83
531303 205086 9
400635 289013 94
371314 291628 80
423373 491240 74
825576 419 20
783126 121938 12
112720 298982 41
344445 599504 82
352215 143821 99
642936 179056 27
460023 59170 33
840896 64578 77
542319 397541 71
839599 67075 27
788995 62976 31
665330 183991 90
48863 760751 93
108903 523529 88
992457 6913 36
595660 100208 30
425086 375591 33
23595 942154 81
655377 24846 2
738021 123786 64
795012 37040 67
709138 184027 73
141524 160394 19
279984 518344 44
347032 432434 16
341815 576197 41
180338 346354 65
114487 428105 66
558901 204663 66
561583 398995 73
707743 283110 67
221615 579662 83
425479 441614 43
616374 317145 86
955224 25374 28
249213 667515 95
206470 415855 79
434945 355736 69
882529 65541 12
306823 605115 80
191559 322339 53
940332 10859 97
436491 400308 98
60428 780223 71
951422 40624 49
113778 400650 86
730174 38224 56
63613 914399 67
832244 104393 27
972301 27309 99
551434 306343 79
216227 602608 21
69722 774326 64
800131 108568 25
405718 385353 33
29440 511649 68
837998 119169 88
940437 6894 89
843437 90508 1
48397 671255 79
370040 575679 40
537123 397232 73
719343 28293 27
131921 303145 2
658431 228499 64
706780 225528 5
497351 125385 83
619566 91854 87
342038 132123 60
182140 568972 37
346943 341244 87
96924 318600 65
284411 289375 90
30636 66770 29
898594 55548 25
50630 543660 100
151535 591052 28
827164 55314 75
996229 27 67
748651 230497 81
209090 738152 23
201988 43167 62
529622 34557 79
440449 315783 70
182714 484805 79
225327 261011 58
884248 55694 4
419564 176777 97
425668 241291 27
863639 134440 65
699444 273909 87
257674 619762 24
308729 643956 10
577126 412514 46
786599 42297 39
173532 627374 91
118069 524257 100
152909 451032 18
728937 34321 69
10694 302991 57
666651 23018 27
827938 148959 3
963633 11551 39
488719 54761 2
54107 858961 52
608 11584 17
887521 52632 22
259495 715228 59
604053 13753 70
455824 157869 47
192410 107549 75
973794 9357 71
673497 195245 87
566952 387668 81
482121 287026 31
574524 223282 52
209238 550676 59
289643 421939 52
725343 273055 81
571093 155622 86
573763 345224 44
522482 319416 26
433026 216728 67
271967 205315 36
46009 688500 48
582068 391291 18
854529 91916 12
36153 55464 21
209523 590292 38
609396 106214 91
825568 30285 79
257475 641576 89
806262 75008 76
618983 35738 76
828668 90255 89
33130 943441 58
208786 287907 4
830824 105808 81
948642 45162 61
9372 596165 79
2311 424491 1
659957 4300 94
437355 418893 85
802342 54737 96
539013 169174 57
464401 112796 7
444647 176454 95
455669 342646 33
962634 22994 46
646622 95343 64
839383 120585 11
369925 306645 13
197358 531394 10
419954 233564 90
822633 63105 44
661679 302536 72
386693 416908 67
977975 16985 12
916483 65884 48
668865 230020 73
12007 492373 85
91894 327580 12
372763 602685 55
804141 47814 16
194824 243578 2
742570 13730 97
986663 11624 36
287581 81113 70
189482 160063 100
23953 174087 16
784742 100925 14
831384 108841 46
359720 570310 97
440565 155649 86
632819 128266 15
478745 365585 20
624664 172401 9
204415 609104 21
407478 102464 60
397498 185312 76
132279 154894 48
918551 28816 48
869839 13700 49
212647 448579 19
591531 170726 18
534902 94861 25
634754 98996 84
704591 263969 53
664576 188712 44
326324 197220 6
807554 96616 28
155358 797473 77
189160 718892 12
619488 180716 94
756813 165706 15
458675 237904 53
275103 41040 72
935037 47048 93
595355 278682 62
217151 375035 84
490713 339760 77
660802 12825 49
571383 418508 56
215066 389046 74
51849 926134 2
277685 149298 66
640147 250704 46
736399 134060 3
65013 651267 75
652474 146374 43
871225 53977 30
881771 101344 21
364951 208108 59
869564 118983 33
416475 14847 18
672766 97352 87
321402 310614 94
821407 33388 64
939138 2901 2
25379 275407 75
797812 17756 2
926973 35262 93
297245 583430 24
672667 269881 79
653348 209543 91
49334 77807 47
803913 164754 16
693172 299177 26
838245 114533 89
997641 138 11
761825 22709 52
82255 44982 20
289648 410614 75
497349 141112 92
588880 248361 86
559579 274980 31
400455 256297 46
821772 157329 100
760899 216507 84
8293 839859 65
993661 4011 58
243099 640324 40
652230 219346 9
891449 80986 22
889715 88354 96
248619 705026 75
203811 693161 45
340881 244395 74
342345 118185 73
25766 354112 82
329050 61447 55
266079 250160 28
60026 615282 58
775169 154075 99
971981 27881 70
963221 13685 83
69286 703035 44
638643 153853 94
31172 88037 23
526258 229065 4
849491 10013 16
57955 486713 32
731568 30162 78
349668 369152 51
147656 188452 20
277738 351194 95
478970 453961 59
947942 44484 54
23203 381302 69
240088 730041 67
660025 289867 20
440666 206490 34
438252 496352 28
87990 880243 38
773701 219717 9
746883 158086 21
968417 5391 89
974242 14807 38
55640 522060 77
604766 309502 94
343893 641437 26
105806 362740 63
914393 83107 28
266037 664754 27
846701 54687 66
670223 66297 7
858367 64641 18
263176 106947 14
834487 13088 87
386432 539078 44
336260 454905 19
598119 46147 99
235033 60660 59
794955 175774 89
826485 167020 90
876612 77311 9
485977 294122 7
296545 243940 90
411951 99833 39
513148 392544 54
606073 20563 27
985602 12081 83
188528 239195 25
514857 395762 19
879253 102315 52
157417 396222 1
299988 624389 99
719050 260064 18
518380 249893 79
514372 209496 50
942294 28537 71
413730 334254 42
269958 7764 12
785468 178236 19
112740 298438 71
746427 218603 46
920580 17929 35
794957 16130 12
492683 237787 20
112259 146947 31
802035 22646 59
884325 6183 24
404814 25257 4
943198 51493 63
700478 10825 62
882568 73154 53
527205 69189 17
766397 78845 63
807476 49027 54
768260 107077 4
784333 107305 75
339990 57911 17
6371 657160 85
504247 23113 77
32545 901927 75
181763 757843 49
304694 377662 44
296589 608948 24
192741 392454 20
594935 164500 45
616393 163802 92
137534 8578 79
238159 243133 73
580763 177420 13
59916 252182 5
506829 216621 99
75208 165979 21
60801 866402 49
203548 646060 68
722326 185820 15
776270 205353 51
850060 123884 7
811942 88311 11
859674 133600 48
298703 693783 50
427112 185579 54
901087 277 93
325050 521842 73
738212 224205 19
271678 174325 63
437203 37964 83
861460 99724 90
705438 209528 51
116509 12699 61
207547 271561 17
942944 4579 54
275771 673036 51
154742 406931 66
278748 94042 93
322982 471038 19
963301 32416 30
110946 478453 77
241234 27866 77
495284 77745 53
520160 285818 16
937806 51074 18
983820 7897 50
733582 184914 79
479378 191369 40
717377 143289 24
781823 141858 81
135798 705450 56
538795 332261 61
855664 116300 52
148716 42343 52
481317 176110 19
271132 639304 73
900393 80214 60
125217 286762 4
638279 73567 29
308674 268005 70
210110 500297 86
784292 20893 41
412358 580989 87
152543 761670 68
665164 256645 91
823287 55438 62
232201 284180 92
142566 245405 49
588118 84599 11
216358 321000 3
82668 498387 61
92025 100107 39
816429 65281 25
114899 31964 40
129505 497887 18
234132 565489 1
914296 30149 98
305275 138870 66
739408 33664 9
670871 206217 22
518612 205587 38
832804 91125 16
746182 22181 94
727178 37320 97
881243 91750 41
747079 19722 85
95761 5868 77
66674 593998 15
856536 88832 59
721784 206112 55
900273 55808 29
59951 376137 59
752223 23599 96
581935 149607 15
536148 168310 69
147606 131752 78
661843 144637 57
599079 372758 75
237355 722427 78
831805 44596 54
717475 31428 20
488139 290028 51
935363 29249 86
469962 436902 76
169100 263232 13
335671 318987 19
856325 87068 41
729649 4304 94
246920 350179 63
289244 468716 4
569711 98022 94
683175 77183 39
560467 61330 64
718339 199136 42
622593 218407 23
527923 427777 26
593444 165470 4
663599 309641 45
844365 96383 92
321529 557570 76
698860 271645 46
767357 218876 14
275908 596361 29
674139 9902 33
492166 220180 80
511806 30810 42
99291 313374 64
823790 54024 76
879222 7849 3
583038 164531 62
789451 33183 31
257058 633794 65
394305 390631 5
22743 592839 8
925240 54673 79
149162 134729 55
208467 296472 29
408860 437079 62
409370 547340 97
238305 758286 94
517693 21854 94
281398 213359 58
364579 227602 3
603137 15771 5
702812 83534 97
317763 210301 86
737025 246600 13
843998 23109 6
676425 271903 17
429706 162640 28
635656 282923 34
181843 662961 26
686584 254447 85
330804 438326 13
7343 441705 35
400004 89830 43
616272 319833 82
792673 3210 90
977294 9063 58
36532 169525 78
211196 409183 89
29573 541143 13
542344 415233 38
91720 165583 83
781029 103092 14
577360 198882 15
407076 27404 13
739562 252024 12
327947 67150 12
547264 194501 11
780624 19930 84
792819 46956 50
626016 370336 10
671826 181661 86
178155 391052 80
619523 296149 40
56107 913239 93
342024 433216 94
278378 342674 59
513068 262993 92
557720 379900 60
26041 344571 74
644268 292933 13
742555 57146 46
789588 2322 68
147004 120492 39
946949 32842 1
715931 65852 11
826113 118825 43
972505 19662 49
449949 441205 1
640289 244368 89
533480 419349 25
565930 114688 39
913678 74824 14
968648 1683 10
824645 113003 7
169233 565648 97
523332 317019 83
802662 196357 44
227875 319301 40
901114 66906 71
916776 16031 9
178016 678510 87
458911 67115 29
889314 44389 82
954461 43334 48
503794 135038 70
532101 398886 18
784624 40264 2
907734 38024 47
641038 278065 3
482087 315095 54
441446 255384 61
582138 192084 1
186304 679791 25
968399 13890 66
106991 514248 97
19784 700962 53
504494 342902 100
148966 425858 35
995842 1113 94
595011 196613 39
276758 145612 46
61899 349556 92
121189 498584 74
781526 210864 84
305945 181261 47
391393 194854 88
703653 142511 51
396754 194613 14
264239 88163 46
934585 44201 51
583096 379008 55
772726 145482 42
645505 205767 37
16640 173660 28
101409 295423 30
802196 148511 80
811709 135696 19
658197 266731 60
214339 229756 45
618845 216385 28
749530 135367 29
835993 776 93
22024 850097 5
947573 42183 3
595789 197063 60
976093 22300 32
511398 424565 19
170135 144529 52
44524 82126 45
409852 194380 39
295420 412987 54
944436 32547 20
153301 93568 52
132890 700599 59
58131 110451 96
849980 103062 27
584117 300746 27
569115 377779 43
646736 180089 21
818004 16540 75
813578 67125 45
796922 135968 35
672609 180760 52
602343 203158 46
222532 734094 30
342466 100407 59
955177 18391 32
568353 243388 31
267279 583995 68
874891 62763 4
655935 57916 40
487102 392027 78
390994 517188 3
654834 274575 54
314531 191372 97
501725 194485 40
796972 18758 23
34894 518339 45
66704 198114 17
987072 8048 35
872336 20694 70
639003 219028 11
550237 424205 71
522252 330582 32
376173 30713 7
420798 70987 20
935326 46071 97
443613 50840 45
116132 711383 77
281550 218312 98
342988 291786 50
404738 468949 55
55277 252616 23
25871 527208 18
739058 84201 24
172870 712472 9
613013 172555 86
916778 53027 4
9258 37324 93
861287 49011 56
258855 243855 55
664247 23176 47
517281 153665 5
254118 602658 90
180220 644736 18
479932 198117 94
350615 485652 41
749696 221489 94
829698 26748 29
2720 985210 76
648856 262162 82
419663 504725 79
907739 2892 81
13746 156953 82
621950 229497 16
681393 245560 85
988888 11042 57
205497 504309 6
846207 35076 21
486156 88256 85
13258 267485 39
589518 310227 35
534945 205218 70
903730 65247 89
365087 182327 68
232155 430523 29
811884 33846 100
549093 113926 79
571974 201962 57
370740 363508 43
583561 49396 66
171774 424708 20
537550 340852 6
530088 251405 39
310508 633105 68
259842 654838 9
628303 103872 3
127804 445060 27
861644 10596 43
304710 44247 47
994848 4430 86
39172 627885 79
172979 598976 91
468061 8079 31
874549 852 95
539749 224775 42
981882 17417 64
850339 66906 59
696308 135079 72
296331 18633 85
936322 63590 37
675536 189130 25
717778 246528 66
998421 1324 87
712760 67663 79
481752 252091 9
430370 282445 31
998857 867 50
349671 469816 99
13685 424408 3
566131 155804 25
85709 340602 50
115579 328571 74
634210 77274 46
331962 314669 88
79383 84009 35
249934 161213 45
940365 25969 61
583894 281925 32
846713 21016 31
838232 61442 69
589980 137540 77
565506 308552 89
907055 58411 91
966059 3089 57
218156 629900 38
790775 178132 48
371896 370371 4
356357 206012 43
419957 306411 41
60384 858581 91
234081 312494 96
867720 15994 11
1590 759184 77
78177 337898 70
538177 54141 14
951974 8665 63
9354 68937 41
189756 391862 71
843521 94621 87
327632 398078 99
765519 7002 94
712384 25666 85
