100 100
88 3 14
60 35 44
78 11 83
27 52 1
43 38 53
65 13 80
32 6 37
84 14 29
54 3 60
93 6 86
10 2 94
53 33 70
85 15 8
11 33 97
92 1 90
81 4 39
38 33 47
89 8 61
80 19 55
9 88 32
2 31 78
80 20 21
91 8 81
73 26 74
47 1 99
58 24 48
12 41 29
63 26 4
37 15 52
0 35 29
80 18 1
58 25 21
13 26 69
29 45 79
86 1 46
6 66 46
8 48 38
39 1 34
93 7 30
25 72 2
32 35 93
19 56 95
88 9 30
11 86 43
71 11 11
23 56 7
71 5 86
73 11 94
6 26 11
9 11 30
88 2 99
26 24 10
6 70 73
43 10 19
26 9 93
34 1 77
94 6 25
47 8 91
78 12 55
26 59 84
91 4 65
59 6 54
68 7 86
55 28 54
42 23 98
73 8 44
81 13 20
66 31 21
90 2 61
67 21 77
14 46 22
18 44 90
98 2 11
71 16 76
59 37 57
28 71 35
52 33 76
29 56 45
19 46 59
28 29 99
3 87 28
7 5 37
79 9 41
29 39 97
64 30 57
60 14 92
36 41 80
78 12 1
63 37 47
59 37 2
6 3 89
96 1 35
22 71 86
27 34 90
6 22 31
33 51 66
47 36 19
34 26 53
69 29 44
14 77 59
