1000 1000
540 396 31
56 707 10
652 253 69
65 141 3
615 95 19
396 90 89
594 21 15
694 274 15
148 434 46
749 29 55
367 49 59
304 38 68
535 152 59
949 50 97
111 488 66
917 81 22
929 56 18
659 243 78
740 94 74
45 108 12
995 2 36
612 381 58
407 45 82
408 11 95
453 78 59
879 118 100
69 5 41
989 3 3
473 90 30
810 21 92
954 28 2
803 108 72
833 120 88
12 380 74
964 21 50
452 97 57
901 71 9
171 613 58
128 276 39
361 128 45
270 164 64
46 193 27
211 416 94
344 376 28
733 43 86
702 113 47
219 540 24
238 412 70
52 351 100
764 75 94
724 235 93
26 647 65
254 27 97
267 644 22
119 370 38
242 453 99
12 639 100
394 293 17
212 341 36
664 14 50
476 497 47
435 49 85
413 313 79
715 206 90
831 34 70
602 134 51
267 185 50
811 102 36
545 448 50
747 16 46
631 251 13
38 708 23
572 386 44
527 246 4
58 346 66
568 72 10
592 150 63
878 102 42
610 19 88
573 357 60
747 121 29
702 265 90
277 697 14
172 245 44
687 125 81
145 480 90
859 17 36
348 346 69
490 448 16
878 6 58
472 130 90
349 227 50
776 204 27
15 581 64
553 278 58
3 9 47
463 470 37
732 147 21
524 155 85
182 540 16
857 7 5
142 542 39
808 110 41
619 135 77
308 55 3
688 254 33
478 491 16
347 489 67
605 234 22
178 213 14
285 173 5
170 547 99
55 48 68
667 41 7
702 127 59
150 733 38
579 155 90
998 1 19
635 277 62
27 121 85
386 351 43
668 95 32
406 114 82
688 103 70
750 186 88
353 251 22
181 518 57
450 23 71
87 871 50
751 233 64
679 23 17
755 10 95
437 85 7
954 34 83
913 87 99
683 7 73
352 118 83
313 616 13
241 478 1
454 516 67
870 54 73
952 15 15
137 132 77
528 172 42
58 230 93
95 210 63
858 49 43
833 33 51
171 135 43
632 311 43
775 223 50
939 59 52
665 227 89
663 184 36
528 287 87
349 174 42
514 271 70
741 115 46
610 60 24
416 360 70
234 286 10
808 152 71
897 10 18
813 183 55
912 57 14
117 483 54
940 14 52
450 514 49
45 574 70
371 149 28
246 78 31
645 87 17
792 149 68
97 519 59
841 100 6
488 381 81
401 368 26
723 93 94
770 37 53
60 4 15
437 282 84
253 157 18
857 68 30
413 89 76
866 111 98
202 405 48
616 18 66
546 180 92
388 507 18
688 108 96
838 70 54
108 534 67
762 237 73
946 49 20
530 387 16
577 370 38
730 31 95
125 214 93
463 419 72
383 336 51
296 611 38
945 23 51
2 143 14
26 624 81
636 311 92
53 150 76
727 187 89
676 243 85
883 11 4
848 36 85
181 248 83
15 741 86
49 378 75
971 27 56
424 540 68
761 43 90
826 173 3
620 55 96
998 1 69
958 5 22
199 661 16
914 34 41
814 9 99
504 189 85
726 266 46
581 159 98
282 448 82
650 309 61
434 459 22
896 31 60
670 250 10
583 39 48
581 359 13
459 189 86
975 22 80
302 193 96
967 19 67
537 234 79
311 221 67
149 682 66
997 2 55
912 61 100
279 676 20
405 66 59
865 110 30
372 622 68
759 10 45
345 126 41
116 80 23
225 411 82
304 69 97
339 448 99
696 99 49
411 128 92
524 451 1
512 328 61
217 649 29
227 406 21
336 571 96
43 646 94
337 590 45
196 32 66
510 45 47
659 325 51
85 773 27
476 361 86
167 257 4
430 388 25
505 217 81
21 364 97
284 302 89
359 240 16
947 16 95
644 232 23
150 198 64
876 21 54
376 436 63
606 249 25
432 437 58
190 777 65
335 412 97
126 568 88
169 397 40
55 25 48
585 410 54
498 270 58
938 33 77
15 708 66
227 312 35
638 3 6
950 40 100
791 185 43
813 91 89
823 101 58
336 302 29
137 597 4
917 8 64
294 638 43
488 316 35
920 43 43
574 332 50
28 727 99
111 252 78
318 362 36
919 50 14
42 299 16
208 416 51
462 313 33
90 558 60
863 97 100
774 198 40
347 431 98
797 31 64
865 45 5
614 140 94
501 227 23
179 1 53
974 13 22
914 5 76
327 76 71
499 175 65
279 188 13
215 643 58
968 12 49
423 109 39
32 531 51
948 47 27
411 490 75
383 428 43
647 135 18
204 595 17
940 24 23
723 270 63
809 117 76
70 833 18
261 533 3
906 72 54
66 533 24
498 307 16
153 481 86
243 653 53
359 147 41
899 44 71
111 68 86
161 514 51
344 220 6
286 78 13
608 82 40
973 8 52
617 136 67
702 133 61
384 15 17
365 302 93
454 315 42
770 160 4
898 101 53
357 400 65
285 134 49
661 145 47
385 225 23
269 700 69
32 584 9
245 746 86
698 17 11
114 345 25
553 28 100
588 370 90
180 722 42
596 287 15
299 293 57
136 339 2
228 154 87
742 67 77
595 188 81
571 282 65
491 338 34
613 55 92
708 20 48
30 424 4
206 196 63
347 110 56
176 254 75
778 68 89
78 418 88
571 40 61
271 294 43
921 59 36
930 11 98
551 347 94
205 129 77
452 100 88
958 18 48
487 81 86
131 821 70
176 116 100
654 73 35
139 92 53
116 50 28
49 378 89
122 829 49
738 134 88
713 50 7
128 214 76
508 60 69
403 35 65
716 86 82
268 68 90
863 116 100
97 326 73
448 125 92
423 151 3
142 704 34
896 104 60
419 147 77
234 612 46
641 99 76
347 288 74
797 67 34
65 454 57
234 59 90
646 279 47
782 175 17
950 44 75
344 17 36
463 394 37
507 344 69
815 94 55
941 54 30
924 55 18
480 10 26
705 41 81
482 119 56
935 39 82
832 22 34
18 483 71
969 14 78
790 118 24
74 580 26
602 248 26
195 771 84
206 57 84
741 64 49
895 27 19
763 155 75
170 181 72
996 1 41
14 176 67
765 44 90
244 586 60
770 41 89
316 42 97
626 320 81
31 139 32
502 37 19
733 253 42
440 139 49
408 500 68
282 63 54
314 462 13
9 167 42
660 262 3
712 286 29
591 88 33
265 351 47
50 924 91
620 121 12
583 317 47
877 36 84
275 627 2
745 13 23
356 131 78
91 735 84
681 35 11
278 100 92
827 173 97
384 263 70
720 96 46
841 58 73
279 22 64
292 259 1
850 27 52
580 280 47
126 315 42
983 16 35
868 31 78
577 153 73
478 399 52
656 288 39
613 268 17
631 74 69
671 41 49
733 168 33
525 334 5
575 185 47
926 50 26
916 74 44
83 809 68
33 219 14
553 204 95
958 20 7
621 137 9
388 103 11
931 35 78
641 297 40
528 368 6
970 25 68
331 524 96
498 315 54
679 51 10
582 29 99
552 412 55
499 148 6
383 284 84
283 205 50
458 480 78
673 77 29
488 259 10
300 428 78
14 838 33
51 681 38
966 8 46
334 477 86
853 22 35
380 456 13
399 130 38
105 119 84
712 44 48
115 296 26
960 33 71
804 193 1
278 368 79
941 35 53
661 295 61
49 442 76
476 251 87
926 61 38
106 863 90
139 727 10
836 87 8
820 163 11
892 79 95
531 5 56
714 183 44
440 425 2
815 78 11
812 129 1
948 38 35
848 42 33
354 194 38
624 243 38
112 78 18
629 244 74
572 3 58
504 271 60
986 13 1
592 273 73
596 98 64
280 617 58
214 314 22
385 577 55
43 930 34
585 289 61
557 428 9
211 764 51
966 31 15
225 199 11
977 18 40
94 712 91
840 102 59
695 164 34
693 97 19
325 300 92
25 280 71
637 351 87
261 140 50
223 87 55
715 5 44
287 360 96
0 763 85
230 467 59
11 150 39
451 168 5
818 29 40
849 123 58
609 318 7
921 12 88
487 326 15
33 606 80
38 633 91
182 588 66
109 432 41
816 18 39
593 3 84
705 83 100
929 61 37
257 656 8
349 509 88
537 220 16
681 24 17
214 466 36
818 172 63
955 25 76
992 3 4
202 372 42
737 171 29
543 436 99
285 354 12
668 107 13
785 104 7
691 154 76
242 498 77
79 441 66
220 536 43
749 148 59
566 234 56
669 256 68
806 138 47
168 39 14
470 148 26
428 122 92
52 883 54
453 368 92
871 115 27
339 203 43
572 258 21
551 322 96
945 9 21
461 486 45
879 46 90
127 672 40
832 129 94
880 73 70
143 756 93
178 611 56
718 45 90
772 130 15
653 112 14
715 224 32
636 134 74
851 58 59
494 126 27
17 541 42
368 632 38
395 485 62
192 363 46
694 212 56
278 529 24
976 18 54
27 266 27
574 175 4
733 20 7
142 442 46
416 75 39
226 215 83
905 89 12
520 195 49
145 61 4
194 8 31
831 66 60
389 610 86
341 251 46
793 118 29
998 1 28
140 791 10
811 64 58
632 324 20
687 213 75
20 671 3
145 360 58
329 45 83
711 256 87
291 376 67
611 292 68
512 1 4
188 724 20
153 690 7
133 726 14
775 152 43
795 126 32
335 492 31
725 14 4
743 128 20
408 233 77
396 447 20
937 22 3
920 65 8
232 627 36
256 453 69
492 77 10
911 20 38
849 73 13
409 453 26
277 129 48
81 622 56
283 82 40
13 143 54
895 68 27
580 389 69
939 23 43
341 225 45
651 191 7
896 93 41
493 57 70
744 97 36
217 328 71
492 95 73
980 20 57
306 483 91
609 347 43
772 221 97
324 587 33
533 20 61
831 16 39
647 39 3
723 8 26
277 189 41
218 140 13
942 6 33
278 552 13
729 247 93
973 15 10
153 502 78
292 577 55
696 43 58
513 265 6
721 181 46
141 230 54
693 11 80
829 104 79
463 84 75
84 544 81
193 454 10
820 77 61
416 468 42
317 161 72
811 63 84
491 70 97
679 103 11
717 170 97
814 59 50
901 8 91
160 685 85
815 5 77
996 3 28
629 362 5
261 389 62
109 612 48
34 514 48
138 220 68
500 138 86
172 640 90
995 3 57
569 4 88
299 566 59
95 193 65
818 109 32
213 219 26
355 534 19
52 469 30
742 106 93
391 311 75
537 324 78
975 11 26
375 209 36
852 109 10
748 84 70
55 223 83
700 264 90
208 11 58
868 20 81
401 314 73
443 354 90
993 3 50
397 187 97
797 134 23
767 201 34
277 291 62
747 232 39
532 409 20
75 556 9
524 430 20
812 54 13
33 191 6
578 318 21
570 258 40
314 213 45
385 517 29
453 457 78
547 115 36
495 28 58
141 601 89
943 45 39
446 43 90
746 49 56
336 250 81
737 260 96
790 12 9
670 2 9
670 120 49
344 149 44
568 219 99
367 448 20
528 186 36
18 504 91
763 204 79
31 400 31
895 10 13
571 208 22
95 688 44
900 96 25
675 309 54
754 146 82
155 611 74
897 54 89
212 9 40
398 203 60
564 68 69
404 27 36
65 586 53
568 246 10
345 232 43
295 372 95
344 593 10
456 311 34
576 415 66
161 617 8
587 29 2
3 405 1
540 223 26
479 52 14
117 167 16
789 43 8
458 57 60
439 480 8
222 558 12
884 7 67
980 6 4
576 25 41
513 162 45
335 520 29
938 10 43
112 811 48
780 199 10
472 47 28
80 917 62
384 569 9
808 153 40
513 244 83
852 55 57
400 155 45
215 527 86
881 67 26
131 8 23
655 219 34
755 23 91
698 85 17
657 194 43
884 56 40
298 122 25
671 187 89
554 20 73
174 216 90
719 161 54
259 406 54
856 137 78
311 73 91
611 295 7
934 8 65
917 36 93
0 779 20
447 337 34
415 87 96
823 129 52
660 16 14
690 242 8
827 58 18
856 142 82
0 377 12
663 191 60
463 362 37
335 198 61
622 96 12
748 88 52
551 89 75
1 583 20
759 86 25
815 125 26
738 220 13
970 1 1
296 318 33
994 5 97
750 250 39
56 76 7
275 521 21
216 420 40
961 25 36
836 53 83
460 47 13
434 471 67
954 30 44
633 8 23
602 290 41
52 97 75
264 715 83
848 117 21
365 122 32
753 165 100
874 110 40
445 413 32
83 286 80
70 252 86
589 120 52
400 519 37
629 63 67
339 317 34
91 264 39
203 409 59
707 150 51
963 6 35
449 257 90
780 52 90
537 232 90
76 35 82
496 284 54
673 116 17
134 273 73
86 832 34
304 497 91
429 322 59
204 170 84
899 53 24
624 370 86
869 79 15
871 19 92
996 1 96
738 58 51
269 385 26
518 23 82
419 463 31
27 805 68
0 250 72
28 776 38
144 459 96
897 7 2
397 216 83
156 575 67
996 1 49
243 220 37
291 487 83
120 349 54
697 78 26
406 579 39
253 738 35
225 485 4
328 55 92
280 320 72
283 284 51
77 577 50
747 34 48
722 113 85
325 601 55
584 130 6
599 338 39
383 93 95
579 54 4
157 206 22
573 158 66
892 28 50
9 384 57
865 12 81
885 36 73
629 150 98
448 552 54
5 212 9
437 290 83
550 195 47
221 510 64
258 217 60
103 51 21
867 2 2
562 134 95
745 81 63
211 556 51
8 627 17
427 476 67
892 4 91
695 22 41
296 275 48
553 232 65
271 524 41
25 856 16
458 299 15
897 65 14
505 341 38
44 432 80
731 263 58
202 519 88
617 334 70
363 480 80
155 806 48
