100000 1000
4180 44479 73
56592 24787 64
87128 11201 19
36761 52419 18
51190 1481 64
36587 50830 71
23077 1549 80
390 96786 66
80553 13632 61
24528 48324 98
67023 12613 85
41404 54758 9
92234 2642 67
59804 38946 71
3579 61754 47
99260 102 83
4938 6570 7
47508 16389 37
54339 18205 98
72315 14939 2
7383 79499 5
70125 16860 3
86611 7380 5
73632 4813 96
80416 16742 49
837 62986 92
7711 36955 32
81100 7211 94
67042 1680 72
25377 62748 29
45317 41543 6
11641 70979 100
14370 37915 98
6274 16007 38
93061 3659 19
89157 7275 93
77827 2098 10
85506 2657 72
87201 5443 85
95487 402 98
86809 11488 46
69042 19979 56
74737 827 39
13495 20617 84
66970 17989 27
25856 8324 60
393 52609 93
81126 1458 39
57211 33821 17
19768 45216 20
68783 15755 45
91160 1373 24
27194 71984 24
74701 774 8
82154 1583 96
60190 10927 45
12933 30218 50
87740 4133 38
99922 25 8
18809 51621 49
2745 44085 88
23144 8598 81
53832 12320 45
40760 3440 7
26512 14339 23
5597 60341 53
53306 25704 39
62392 6880 64
16217 68904 52
93201 934 83
31894 40834 95
17454 76785 96
48814 3765 68
90861 2 95
85602 4507 40
67694 4260 9
56156 38522 38
69572 10494 92
43603 33933 60
2844 62823 28
10402 2734 26
12687 37380 27
27247 6294 1
18241 37497 84
24971 8479 39
68676 8766 22
64091 643 95
98433 315 78
17804 29982 18
82412 5394 28
99685 215 62
59330 34384 70
57080 30928 55
61388 28011 100
44384 48028 99
32003 26804 8
88290 1716 82
73161 5117 17
43019 49540 48
93886 3885 63
5417 298 95
91670 7623 95
55186 20579 1
75888 11108 66
11838 14397 74
2903 94685 21
92183 2035 34
94843 548 81
5834 92903 30
73462 9522 71
75170 10164 60
13854 11136 49
57701 15627 62
74233 15978 64
89173 1924 6
45352 21880 57
52847 30198 50
19129 49643 3
90606 2222 75
69536 26068 69
31583 32336 18
12196 71645 67
38153 31959 15
4626 29639 58
5838 7356 37
10047 75674 25
67792 8436 44
44855 41989 67
58323 1288 91
43542 51093 20
38259 50913 12
72086 23264 26
21755 58399 73
89114 378 63
87003 9807 54
77750 9702 56
13018 18903 97
72382 13356 55
42317 18564 33
21717 31708 92
84745 4931 31
95475 4091 54
61001 17144 25
75481 20273 13
28686 21042 70
72447 24351 39
71876 25253 4
38386 59727 15
46948 7562 12
51364 36670 95
61508 15628 6
30474 5505 46
78330 18540 99
68121 22607 93
13700 78144 82
34407 15650 28
37268 21495 25
50185 43381 45
99432 194 4
94512 2094 3
18594 26837 90
36290 52084 26
74612 1652 57
11303 11029 85
81985 4023 42
16320 74642 13
51184 40126 2
69867 395 36
98916 541 35
37307 49637 47
94710 970 60
6790 80219 22
82833 13980 65
20013 76295 83
76675 19767 27
31126 17229 78
32779 25185 83
57341 39711 36
11491 17038 88
68466 25693 69
42663 50082 26
23562 52607 41
60414 8171 44
63230 13997 79
84788 5631 76
71705 2231 71
69976 21989 98
69788 25175 90
78244 10736 91
55673 20819 32
80326 18129 66
71551 3209 72
15047 78436 36
53548 29695 100
56964 38377 22
4108 45998 52
59267 6539 71
65811 31650 50
94842 1641 3
58957 29296 68
71353 25207 32
20549 73541 82
94366 1457 80
58368 34064 65
34123 11653 17
12047 13833 48
38915 33189 31
35218 30515 50
71619 17728 6
80896 12996 61
72359 24586 80
61948 22350 100
61015 34426 48
63863 13760 88
78502 16501 46
5809 24703 35
56282 25785 95
66920 24156 47
49745 5091 41
10535 76774 54
14013 58884 92
45384 2671 80
22107 56082 41
71906 28079 27
65602 24977 84
7062 11743 100
63480 19380 56
58553 21553 77
4398 22221 50
94899 1986 50
63880 34009 11
12203 19916 31
70439 11398 73
92078 960 15
25207 25901 2
66910 11322 56
22088 19128 41
22289 7721 32
95493 410 71
7255 31428 85
82320 12006 48
71485 12260 37
98688 318 24
32056 58517 49
32343 29488 4
38025 49132 3
21038 35518 81
81031 12428 58
92978 2816 70
89056 8454 70
67248 4631 45
15048 57706 9
3320 80895 69
70889 14202 29
25322 65551 100
61734 6444 86
63972 28580 41
47217 5813 77
13250 26111 17
96293 1822 88
94538 4419 67
33279 62360 58
30999 8798 75
515 11350 56
20992 54152 10
12642 56312 86
49234 23488 88
19070 31101 3
8046 78617 55
18771 69602 9
41490 8165 13
23778 64967 9
16083 25695 3
67542 5288 90
78355 8472 66
78153 7685 72
91061 7079 83
39610 13424 24
14572 63790 97
9384 12211 93
82442 5921 83
73304 19479 33
24798 192 16
97839 20 72
12113 25480 91
20842 44383 31
53639 44306 31
24069 74326 83
52397 8633 59
1690 63990 17
96388 3012 39
29646 67470 83
86966 6758 67
30138 30340 23
22590 29267 72
16715 51379 5
92696 6559 70
40306 9636 49
85354 6128 4
20316 31907 14
34767 48593 52
76445 23013 4
51341 20776 4
64130 9563 17
69125 9919 89
1103 45195 97
14841 42722 39
49682 41179 61
96706 596 48
78570 13484 100
65494 23954 81
76344 1764 100
89338 2947 98
64805 23882 68
45023 38572 70
12293 16347 82
65660 30052 61
79536 13088 40
19189 27611 69
55245 19908 84
26234 55928 32
15381 8422 94
17482 73560 83
86764 9962 70
44873 24987 72
71584 26281 96
71877 16767 58
38817 56222 16
87069 6367 34
15772 19709 11
99766 4 68
5191 12177 60
43285 55742 23
46861 48344 79
18598 57104 59
53233 45854 26
77199 7612 33
27984 43890 9
8587 15038 14
45621 11717 39
70352 26988 23
50243 49418 34
91854 4816 42
45956 22346 46
85294 1158 39
6581 37320 52
94507 2332 58
41582 38349 29
27844 5186 51
81981 12042 34
82861 13306 7
7934 25551 14
33152 25840 6
20115 59255 12
47161 35662 17
54526 15959 88
39698 51290 27
87638 6563 90
20628 19042 75
95006 2936 59
9491 5076 74
14142 9560 92
59565 13787 23
5104 85744 16
15417 62122 30
51650 31718 100
15316 68231 62
56527 21048 54
68817 16540 9
22478 25298 75
81365 17739 64
94094 4039 55
21527 40225 28
8506 30986 45
38086 49011 3
60842 3390 1
45830 30275 2
53167 12296 22
3873 33116 67
14289 55281 92
5485 37793 47
57869 36346 37
72717 23134 97
48156 17361 14
13438 66377 23
89302 9425 7
26649 37227 41
76624 8969 55
47824 23247 31
35690 56462 58
38957 36938 20
23310 58818 13
9175 17076 9
40110 53521 77
97358 1961 56
45640 16973 82
73121 9394 8
21034 3245 52
83418 2535 40
45410 4458 92
18563 75912 93
305 63011 54
50188 19755 4
16451 10859 74
36533 10964 63
50549 15305 6
77502 3490 62
52098 12495 30
53496 22490 77
6000 71978 14
86369 12684 40
67787 3545 9
20471 66636 61
55637 722 2
52043 19932 78
16941 33489 45
80649 2673 29
48407 36698 30
35803 26594 24
15914 4617 18
60089 32548 50
92728 5141 17
29591 15906 16
8739 48995 70
12878 54179 64
870 75935 16
83401 4711 81
72860 24499 31
18725 24190 43
50111 14639 80
81662 10515 60
28885 6252 86
4041 89903 37
67290 27613 65
68761 16516 29
33159 4307 44
56291 7656 60
98304 952 47
31017 8598 11
17591 77703 18
60785 26177 76
90126 5380 29
13060 14198 4
95934 2674 26
34467 20542 2
71421 24436 84
16802 59134 52
90978 4786 62
28605 4957 13
88414 6645 1
57682 2608 33
65197 21042 43
38525 44374 15
89471 3575 85
59223 31297 64
97335 1206 5
86060 5089 90
10598 79193 13
56635 27085 25
65714 13629 93
59917 28007 61
13601 26148 23
98353 925 92
38881 26516 45
54267 37055 40
2119 33022 33
15399 24923 10
35878 14419 32
11419 66198 81
59246 14941 37
50357 29326 36
43135 46357 55
40797 19772 9
18878 77927 1
19487 48674 60
38699 4589 19
35063 47893 21
28358 67537 40
36649 13583 25
90602 8504 66
4757 88471 8
37525 53026 14
85967 13863 27
36784 33505 47
22497 18535 89
61682 1806 49
20259 5964 74
51125 16366 23
3187 72730 85
80578 4124 11
81665 10492 76
85958 288 90
33678 1543 94
43811 11581 42
48630 15895 39
39318 18279 86
22219 2796 71
28535 25727 10
88316 2768 26
23944 66478 66
6836 38651 27
3903 90776 79
14247 49345 93
21619 31002 85
73984 1391 15
89965 414 30
34786 37555 96
16435 77848 37
45651 11251 39
73935 1188 83
1096 21633 54
15221 7871 42
263 2747 25
62388 14050 63
98200 610 14
70499 19698 22
62166 7912 89
8019 37518 95
74692 23517 8
33174 8154 14
20169 64172 34
17232 46960 88
40180 5877 81
68480 27804 79
90907 8023 95
26319 44747 21
6287 37725 41
71252 16885 1
86737 1172 58
10142 47443 79
79153 18579 56
69810 24211 3
1740 77365 12
73471 5096 70
41446 49709 75
19501 45832 92
7416 88058 80
97455 1686 19
40513 3214 100
43973 1532 50
33332 36845 43
26178 1851 85
30962 52795 70
15349 13366 68
74374 8902 5
94475 1386 69
30034 55031 92
48325 23410 7
3069 81095 29
1316 64686 93
92216 2725 16
92153 7093 44
81254 1280 62
73257 12856 60
90746 6564 78
52872 5022 18
79959 7204 14
15242 21900 97
98728 89 22
49193 41930 42
74812 17299 43
19158 5557 70
81520 1134 60
13870 75526 91
93591 1472 43
96946 295 81
824 83960 74
66828 18218 86
60613 12598 100
27738 39295 37
79132 15117 48
2168 11032 66
23639 60182 58
32280 12593 73
11925 42771 22
78463 9409 11
34082 2193 33
80120 262 46
16056 5482 57
29630 2082 73
43567 14207 40
34660 36297 13
54228 28324 36
71578 8292 70
45239 3270 56
25195 23739 47
74977 14176 13
31774 16693 86
2552 11778 58
41484 14387 93
84166 5508 82
44658 45949 41
14918 51859 65
26417 34839 10
19881 56080 65
11128 11696 87
62922 5748 22
86635 6613 94
31893 66268 96
30535 6972 36
1784 55739 33
75380 13465 2
50594 10362 21
78906 6167 59
10473 88780 16
48678 30241 23
85586 8717 88
58610 11049 43
61698 2009 4
70826 9656 69
27993 26999 79
16187 11856 78
75902 8598 53
7328 19866 73
74816 15930 13
44744 49999 94
71303 7492 50
10126 21203 100
64096 23945 100
47502 11938 6
1529 81132 35
17382 49064 5
6730 24943 100
36314 2154 30
3460 28067 72
23491 9697 51
12161 27875 53
86850 5950 66
99389 414 64
47959 20101 30
92886 5153 10
36646 6100 39
58391 29421 59
94318 3128 98
85001 750 34
6661 60706 95
6373 49903 49
49291 48981 77
22096 50546 36
88470 10867 71
45018 47340 34
78574 7221 86
57811 27795 55
9463 31574 7
34793 41897 90
81199 16207 75
14103 68570 67
41530 53065 1
13674 64028 57
88438 9267 11
35041 11220 40
2208 45585 85
21874 9585 35
76607 15441 50
64558 22982 91
69219 26724 58
68151 115 42
15661 8259 53
44957 33210 28
40580 35342 49
31567 20683 54
25808 18260 24
69978 26297 7
32793 47614 42
54903 2652 86
34310 63729 91
90701 6050 1
92293 7687 57
65490 10165 51
98230 196 22
15355 68057 83
63989 21473 27
5171 58437 39
94993 264 17
54000 37307 81
89013 1982 50
24213 29353 72
57813 6446 51
49587 18285 13
42219 17373 19
55588 20971 62
13222 65256 3
10727 13913 45
68897 1235 87
59596 12493 3
65988 31812 86
75089 15293 2
64189 21384 9
51137 828 51
19459 41750 54
25117 61092 28
32122 5318 82
47398 43037 70
40578 17115 41
25004 11890 52
184 61044 63
23194 21781 82
85090 11354 79
60232 6843 42
37099 9629 23
83656 16120 67
84953 9058 77
9928 22020 23
2987 73756 12
24365 60428 7
96925 775 28
84853 11220 8
86356 6776 77
85685 3383 49
78237 18888 9
30442 16193 22
22088 68305 74
30698 62983 6
57132 4090 4
70752 15317 27
86822 7789 99
91883 6701 33
48420 6258 70
72463 13587 41
9085 54951 93
40318 245 48
15971 12463 64
13354 60917 76
66930 28288 64
30894 23990 12
42726 54230 36
48137 13704 18
36183 5576 86
91396 6258 65
90138 3444 90
24106 52304 76
64780 16157 59
89530 10167 88
58831 8195 69
65182 14163 86
12921 62813 100
11605 19336 56
45243 3580 93
2956 14911 77
20507 77718 45
60586 34470 12
86651 3416 13
71388 17837 62
88103 8878 32
49658 18902 80
69738 23959 68
96370 3268 71
27 3359 7
69070 17353 46
12344 23839 38
52185 15592 14
11124 63571 75
158 4937 65
98327 871 21
28248 19130 24
78480 210 94
99994 2 95
3950 25397 64
61759 16507 96
37190 8105 66
86601 7956 5
93343 1064 58
64584 10174 44
91577 7646 75
55188 5419 24
30182 69220 92
97698 58 24
11775 78625 21
40908 1713 94
83823 13972 59
58869 25017 5
41660 14423 60
55719 35337 71
69493 1872 80
24767 40372 90
76260 13471 68
32135 47164 18
73889 1984 87
94028 5777 80
33430 27188 22
61848 37248 34
39777 21374 21
18977 20787 97
3177 85735 54
18726 51490 99
97898 228 20
24565 73276 12
73846 20387 51
68446 23425 53
31837 486 56
80595 17563 17
32335 54053 55
74068 17146 55
46052 43815 56
5169 32594 96
37735 19982 62
2159 11738 97
94706 3321 46
72943 5770 4
49308 30916 2
64894 24522 67
11338 37950 66
7675 66987 51
24624 31638 13
21885 28511 71
89558 4330 23
55959 35194 28
16083 37707 52
60774 32557 95
80773 13464 80
10132 42569 32
7289 85356 47
45011 32802 77
61803 2156 66
28367 35773 81
98520 363 39
76770 14764 1
86205 9627 75
25592 57049 59
46933 25884 23
2240 87745 30
60523 23783 12
57565 11537 4
89042 1876 53
37632 37415 89
4875 54627 76
97182 1012 15
66411 9554 79
57205 4588 9
60158 8679 48
93674 488 91
63962 2534 60
21889 22653 75
41321 48262 6
67387 13807 66
41392 1270 70
44123 6626 30
40819 13731 19
81727 2836 22
7591 80194 59
35771 6493 66
19092 8319 98
50321 15086 74
24360 59245 19
47945 28078 64
26060 34519 5
61896 11320 6
74583 14519 58
64954 2784 25
46135 38983 49
60172 13563 44
34435 23270 79
43741 21309 66
67515 17393 99
4105 84312 100
5279 18401 2
22770 73808 3
62128 34002 34
82282 7417 1
31964 63175 8
82068 732 36
73564 8449 1
63918 18872 31
31708 20365 2
7847 27019 90
48447 60 1
90012 7866 48
9057 72345 51
70696 24419 63
3378 88944 18
98938 471 77
65898 15900 86
73571 10995 39
82432 9448 29
24530 50232 82
2473 3663 27
64647 3514 75
24505 69749 70
41180 9024 16
23419 37792 98
42542 14110 32
92702 5283 9
64209 34938 18
59290 35090 49
71860 7486 53
9720 58534 13
34404 40251 8
66478 3282 59
65413 7083 61
97820 988 100
61525 23142 56
22005 58853 76
95310 3262 20
71440 23121 38
59243 20532 69
4165 63896 3
65329 34384 38
16566 65238 75
55806 32701 37
77065 13396 18
63220 33920 81
18635 30066 55
55786 10033 74
4889 32202 44
93773 1404 69
8937 69957 24
98935 633 61
38289 8083 68
51059 28769 25
40821 20331 12
73020 9947 69
92254 5915 62
35262 31313 22
84122 58 88
99304 341 23
94371 2671 89
9924 38852 23
645 51026 56
336 97376 2
48578 294 8
31394 12279 74
69999 8333 19
22431 1298 44
4638 4454 59
88482 10163 20
37841 44954 50
95155 67 89
97016 2288 85
95528 3346 41
24859 17389 66
15368 34184 28
58980 31071 82
17767 21592 83
29624 67563 69
42801 40934 3
61434 5160 52
72171 24850 19
29464 25274 55
32083 1727 70
39419 34182 5
92242 1275 78
25543 25775 22
29687 34859 42
17643 72013 71
47641 51969 22
10355 54275 53
2122 9082 88
94493 2732 16
33251 47666 10
53873 45727 55
7605 7478 57
1596 58984 94
4538 79308 55
30191 69482 79
94466 4 44
54300 8550 56
3442 15445 52
11690 11679 80
30013 6363 90
3204 2789 82
85403 8780 99
24007 64443 9
24593 31087 60
6454 60155 78
94568 1792 6
67254 16947 24
92463 6122 87
60600 19467 18
20444 18073 13
51312 8203 18
5314 80881 67
34374 34762 39
71478 8977 89
91775 4234 25
22979 5395 57
85268 5540 12
64923 25574 61
45711 20542 36
38511 48333 93
96892 280 33
36164 7534 63
35213 15823 8
24162 64201 38
91154 1696 94
99928 5 75
14829 46256 94
86207 10726 36
97990 1095 64
50929 31516 93
66766 21238 87
29346 8098 52
50878 32225 44
40324 11339 89
9184 32414 1
51799 23407 19
1781 48403 35
54786 36979 31
69140 17066 83
79310 12145 91
25553 12910 3
