1000 1
0 1 2 3 4 5 6 7 8 9 10 11 12 13 14 15 16 17 18 19 20 21 22 23 24 25 26 27 28 29 30 31 32 33 34 35 36 37 38 39 40 41 42 43 44 45 46 47 48 49 50 51 52 53 54 55 56 57 58 59 60 61 62 63 64 65 66 67 68 69 70 71 72 73 74 75 76 77 78 79 80 81 82 83 84 85 86 87 88 89 90 91 92 93 94 95 96 97 98 99 100 101 102 103 104 105 106 107 108 109 110 111 112 113 114 115 116 117 118 119 120 121 122 123 124 125 126 127 128 129 130 131 132 133 134 135 136 137 138 139 140 141 142 143 144 145 146 147 148 149 150 151 152 153 154 155 156 157 158 159 160 161 162 163 164 165 166 167 168 169 170 171 172 173 174 175 176 177 178 179 180 181 182 183 184 185 186 187 188 189 190 191 192 193 194 195 196 197 198 199 200 201 202 203 204 205 206 207 208 209 210 211 212 213 214 215 216 217 218 219 220 221 222 223 224 225 226 227 228 229 230 231 232 233 234 235 236 237 238 239 240 241 242 243 244 245 246 247 248 249 250 251 252 253 254 255 256 257 258 259 260 261 262 263 264 265 266 267 268 269 270 271 272 273 274 275 276 277 278 279 280 281 282 283 284 285 286 287 288 289 290 291 292 293 294 295 296 297 298 299 300 301 302 303 304 305 306 307 308 309 310 311 312 313 314 315 316 317 318 319 320 321 322 323 324 325 326 327 328 329 330 331 332 333 334 335 336 337 338 339 340 341 342 343 344 345 346 347 348 349 350 351 352 353 354 355 356 357 358 359 360 361 362 363 364 365 366 367 368 369 370 371 372 373 374 375 376 377 378 379 380 381 382 383 384 385 386 387 388 389 390 391 392 393 394 395 396 397 398 399 400 401 402 403 404 405 406 407 408 409 410 411 412 413 414 415 416 417 418 419 420 421 422 423 424 425 426 427 428 429 430 431 432 433 434 435 436 437 438 439 440 441 442 443 444 445 446 447 448 449 450 451 452 453 454 455 456 457 458 459 460 461 462 463 464 465 466 467 468 469 470 471 472 473 474 475 476 477 478 479 480 481 482 483 484 485 486 487 488 489 490 491 492 493 494 495 496 497 498 499 500 501 502 503 504 505 506 507 508 509 510 511 512 513 514 515 516 517 518 519 520 521 522 523 524 525 526 527 528 529 530 531 532 533 534 535 536 537 538 539 540 541 542 543 544 545 546 547 548 549 550 551 552 553 554 555 556 557 558 559 560 561 562 563 564 565 566 567 568 569 570 571 572 573 574 575 576 577 578 579 580 581 582 583 584 585 586 587 588 589 590 591 592 593 594 595 596 597 598 599 600 601 602 603 604 605 606 607 608 609 610 611 612 613 614 615 616 617 618 619 620 621 622 623 624 625 626 627 628 629 630 631 632 633 634 635 636 637 638 639 640 641 642 643 644 645 646 647 648 649 650 651 652 653 654 655 656 657 658 659 660 661 662 663 664 665 666 667 668 669 670 671 672 673 674 675 676 677 678 679 680 681 682 683 684 685 686 687 688 689 690 691 692 693 694 695 696 697 698 699 700 701 702 703 704 705 706 707 708 709 710 711 712 713 714 715 716 717 718 719 720 721 722 723 724 725 726 727 728 729 730 731 732 733 734 735 736 737 738 739 740 741 742 743 744 745 746 747 748 749 750 751 752 753 754 755 756 757 758 759 760 761 762 763 764 765 766 767 768 769 770 771 772 773 774 775 776 777 778 779 780 781 782 783 784 785 786 787 788 789 790 791 792 793 794 795 796 797 798 799 800 801 802 803 804 805 806 807 808 809 810 811 812 813 814 815 816 817 818 819 820 821 822 823 824 825 826 827 828 829 830 831 832 833 834 835 836 837 838 839 840 841 842 843 844 845 846 847 848 849 850 851 852 853 854 855 856 857 858 859 860 861 862 863 864 865 866 867 868 869 870 871 872 873 874 875 876 877 878 879 880 881 882 883 884 885 886 887 888 889 890 891 892 893 894 895 896 897 898 899 900 901 902 903 904 905 906 907 908 909 910 911 912 913 914 915 916 917 918 919 920 921 922 923 924 925 926 927 928 929 930 931 932 933 934 935 936 937 938 939 940 941 942 943 944 945 946 947 948 949 950 951 952 953 954 955 956 957 958 959 960 961 962 963 964 965 966 967 968 969 970 971 972 973 974 975 976 977 978 979 980 981 982 983 984 985 986 987 988 989 990 991 992 993 994 995 996 997 998 999
1 2
2 3
3 4
4 5
4 6
2 7
5 8
1 9
9 10
8 11
9 12
4 13
10 14
1 15
2 16
15 17
1 18
2 19
9 20
11 21
7 22
22 23
17 24
12 25
4 26
25 27
23 28
5 29
1 30
12 31
30 32
16 33
22 34
9 35
19 36
25 37
35 38
25 39
8 40
21 41
13 42
12 43
5 44
7 45
42 46
38 47
39 48
45 49
20 50
24 51
29 52
18 53
16 54
40 55
17 56
10 57
48 58
58 59
57 60
35 61
41 62
23 63
41 64
29 65
15 66
24 67
10 68
34 69
68 70
68 71
16 72
25 73
64 74
26 75
1 76
67 77
68 78
71 79
63 80
75 81
7 82
78 83
79 84
75 85
40 86
6 87
18 88
9 89
55 90
13 91
41 92
49 93
57 94
79 95
67 96
23 97
49 98
30 99
9 100
91 101
54 102
97 103
24 104
26 105
35 106
105 107
107 108
24 109
106 110
84 111
3 112
59 113
11 114
69 115
114 116
82 117
85 118
56 119
1 120
31 121
85 122
99 123
28 124
62 125
34 126
5 127
41 128
78 129
2 130
23 131
46 132
101 133
130 134
80 135
112 136
13 137
91 138
111 139
131 140
4 141
92 142
92 143
12 144
133 145
57 146
102 147
107 148
38 149
66 150
33 151
90 152
148 153
8 154
38 155
136 156
21 157
145 158
124 159
147 160
1 161
141 162
29 163
56 164
96 165
14 166
50 167
30 168
95 169
43 170
112 171
76 172
40 173
52 174
6 175
85 176
86 177
18 178
97 179
16 180
123 181
31 182
176 183
15 184
70 185
43 186
132 187
117 188
170 189
172 190
53 191
11 192
170 193
66 194
99 195
85 196
132 197
18 198
185 199
7 200
138 201
36 202
76 203
164 204
44 205
33 206
192 207
72 208
74 209
150 210
79 211
29 212
30 213
93 214
200 215
103 216
14 217
42 218
13 219
26 220
156 221
114 222
114 223
213 224
182 225
161 226
24 227
215 228
2 229
24 230
145 231
173 232
34 233
45 234
31 235
223 236
57 237
136 238
131 239
85 240
25 241
70 242
183 243
37 244
234 245
138 246
123 247
153 248
205 249
120 250
177 251
120 252
53 253
190 254
252 255
1 256
238 257
256 258
83 259
101 260
124 261
259 262
17 263
54 264
171 265
219 266
172 267
80 268
240 269
260 270
196 271
25 272
122 273
54 274
247 275
242 276
190 277
35 278
269 279
3 280
251 281
51 282
151 283
106 284
25 285
157 286
52 287
265 288
242 289
239 290
184 291
214 292
92 293
47 294
17 295
83 296
58 297
165 298
227 299
181 300
130 301
137 302
188 303
53 304
100 305
11 306
22 307
45 308
49 309
38 310
19 311
115 312
27 313
120 314
77 315
50 316
276 317
249 318
22 319
12 320
203 321
169 322
177 323
254 324
298 325
57 326
299 327
187 328
219 329
300 330
83 331
279 332
95 333
266 334
112 335
254 336
334 337
105 338
121 339
302 340
259 341
198 342
221 343
330 344
157 345
217 346
114 347
306 348
285 349
248 350
84 351
36 352
174 353
33 354
122 355
153 356
308 357
235 358
226 359
216 360
197 361
312 362
53 363
3 364
14 365
131 366
161 367
123 368
114 369
63 370
97 371
89 372
324 373
94 374
212 375
141 376
89 377
306 378
125 379
289 380
68 381
359 382
282 383
60 384
85 385
254 386
311 387
21 388
278 389
277 390
331 391
53 392
154 393
255 394
293 395
265 396
170 397
126 398
274 399
327 400
191 401
293 402
87 403
326 404
306 405
280 406
8 407
256 408
377 409
177 410
400 411
53 412
230 413
374 414
169 415
93 416
14 417
133 418
107 419
395 420
327 421
236 422
213 423
168 424
125 425
71 426
223 427
90 428
161 429
48 430
396 431
107 432
266 433
252 434
193 435
217 436
94 437
408 438
268 439
14 440
95 441
204 442
424 443
26 444
63 445
167 446
232 447
158 448
199 449
376 450
227 451
261 452
276 453
160 454
24 455
356 456
379 457
57 458
217 459
301 460
167 461
287 462
22 463
357 464
367 465
436 466
243 467
34 468
412 469
200 470
414 471
195 472
164 473
466 474
344 475
326 476
420 477
2 478
437 479
209 480
203 481
306 482
462 483
321 484
380 485
211 486
236 487
117 488
120 489
71 490
309 491
98 492
438 493
304 494
319 495
436 496
159 497
201 498
252 499
226 500
311 501
163 502
276 503
346 504
423 505
327 506
479 507
161 508
212 509
116 510
56 511
200 512
119 513
388 514
325 515
490 516
230 517
303 518
114 519
314 520
50 521
452 522
494 523
284 524
245 525
288 526
141 527
287 528
130 529
197 530
451 531
516 532
282 533
301 534
128 535
164 536
497 537
154 538
427 539
311 540
224 541
220 542
377 543
523 544
373 545
4 546
320 547
260 548
467 549
447 550
377 551
22 552
430 553
98 554
355 555
69 556
162 557
32 558
9 559
379 560
302 561
450 562
215 563
50 564
349 565
7 566
240 567
414 568
406 569
250 570
243 571
377 572
230 573
523 574
225 575
510 576
101 577
6 578
577 579
280 580
469 581
367 582
75 583
245 584
161 585
536 586
222 587
73 588
13 589
252 590
501 591
236 592
85 593
589 594
380 595
520 596
226 597
85 598
316 599
544 600
314 601
537 602
164 603
330 604
104 605
163 606
260 607
229 608
284 609
23 610
92 611
555 612
303 613
211 614
101 615
369 616
504 617
592 618
527 619
269 620
234 621
45 622
127 623
468 624
591 625
391 626
388 627
465 628
100 629
510 630
515 631
482 632
94 633
359 634
40 635
176 636
499 637
334 638
532 639
467 640
150 641
131 642
407 643
36 644
317 645
412 646
53 647
412 648
494 649
273 650
362 651
612 652
31 653
236 654
142 655
32 656
192 657
576 658
224 659
4 660
45 661
57 662
600 663
256 664
275 665
24 666
616 667
543 668
143 669
496 670
118 671
511 672
541 673
358 674
593 675
185 676
302 677
419 678
325 679
659 680
423 681
62 682
448 683
368 684
31 685
548 686
247 687
107 688
118 689
61 690
143 691
103 692
458 693
590 694
591 695
57 696
151 697
661 698
572 699
436 700
200 701
417 702
116 703
195 704
6 705
325 706
651 707
178 708
487 709
453 710
105 711
269 712
628 713
450 714
80 715
491 716
423 717
549 718
272 719
136 720
375 721
424 722
490 723
117 724
200 725
542 726
548 727
668 728
604 729
291 730
291 731
624 732
701 733
411 734
457 735
479 736
284 737
105 738
652 739
597 740
688 741
229 742
720 743
261 744
46 745
408 746
148 747
685 748
691 749
717 750
96 751
531 752
341 753
209 754
415 755
21 756
460 757
348 758
443 759
282 760
349 761
713 762
668 763
294 764
153 765
674 766
383 767
449 768
371 769
91 770
126 771
139 772
150 773
444 774
22 775
47 776
626 777
412 778
359 779
46 780
355 781
694 782
21 783
616 784
762 785
403 786
620 787
361 788
92 789
451 790
700 791
589 792
41 793
74 794
201 795
202 796
61 797
787 798
263 799
117 800
248 801
528 802
447 803
14 804
39 805
89 806
651 807
736 808
776 809
493 810
701 811
393 812
457 813
576 814
577 815
743 816
263 817
1 818
645 819
37 820
573 821
606 822
410 823
139 824
415 825
56 826
494 827
640 828
740 829
205 830
426 831
667 832
707 833
503 834
181 835
148 836
660 837
689 838
396 839
625 840
603 841
214 842
747 843
841 844
129 845
197 846
819 847
594 848
508 849
459 850
48 851
574 852
5 853
719 854
10 855
3 856
713 857
263 858
816 859
675 860
382 861
4 862
771 863
680 864
597 865
606 866
689 867
325 868
219 869
692 870
150 871
792 872
559 873
550 874
526 875
53 876
348 877
77 878
76 879
33 880
707 881
777 882
774 883
148 884
494 885
147 886
846 887
828 888
622 889
212 890
539 891
159 892
414 893
666 894
25 895
774 896
18 897
6 898
385 899
647 900
796 901
867 902
478 903
29 904
693 905
590 906
298 907
901 908
273 909
850 910
782 911
354 912
608 913
76 914
499 915
655 916
911 917
117 918
884 919
252 920
190 921
354 922
905 923
144 924
650 925
117 926
791 927
829 928
512 929
412 930
721 931
836 932
543 933
583 934
164 935
920 936
277 937
823 938
506 939
680 940
309 941
444 942
799 943
935 944
217 945
188 946
119 947
902 948
97 949
755 950
285 951
176 952
376 953
494 954
307 955
729 956
42 957
276 958
136 959
911 960
749 961
7 962
94 963
773 964
254 965
687 966
718 967
942 968
122 969
526 970
318 971
465 972
914 973
57 974
28 975
439 976
262 977
637 978
730 979
356 980
567 981
875 982
396 983
695 984
877 985
615 986
775 987
801 988
936 989
929 990
962 991
735 992
924 993
574 994
878 995
312 996
112 997
568 998
980 999
482 1000
1000
57
323
254
188
938
790
317
850
313
271
961
124
789
810
368
743
435
360
422
227
553
48
723
159
712
825
796
515
815
37
671
52
309
220
779
292
157
887
688
507
265
143
727
275
54
42
474
925
378
259
757
187
215
311
251
579
69
546
496
681
603
327
380
651
196
852
302
652
189
369
984
238
281
224
582
639
399
255
38
719
568
385
153
777
206
147
223
66
817
283
339
619
486
612
381
676
885
859
149
274
858
150
607
829
710
513
761
117
875
675
833
545
932
916
555
512
574
476
955
87
725
95
91
484
294
559
828
120
981
233
939
3
72
337
86
112
785
96
969
868
497
846
295
505
175
1
627
526
618
637
326
659
633
356
943
28
860
351
181
50
134
148
236
285
15
488
807
552
116
636
208
770
71
413
800
179
922
664
253
504
382
784
115
393
119
88
542
14
528
410
485
125
162
756
530
638
895
745
81
407
967
248
726
403
510
35
962
683
44
51
58
345
626
872
217
94
593
201
158
642
423
212
778
319
780
532
178
388
341
10
185
691
882
701
944
219
980
232
365
886
146
573
578
108
352
747
398
392
985
655
673
838
535
421
472
786
299
914
430
640
740
348
463
556
205
928
286
447
641
854
434
768
879
451
583
344
822
912
453
442
17
350
184
760
918
919
616
823
818
16
896
805
794
218
670
667
682
412
367
402
289
620
417
597
788
27
267
139
8
658
391
61
547
176
104
138
375
995
584
949
680
278
543
729
935
744
666
230
899
173
631
297
29
819
890
437
970
976
617
649
751
330
83
950
461
716
406
718
888
960
514
68
951
419
762
844
426
529
316
383
720
364
182
225
415
602
577
329
991
110
678
758
163
454
168
570
211
549
974
628
427
59
397
700
465
347
913
802
63
557
936
831
186
405
596
346
24
714
21
863
540
525
67
318
990
572
731
123
193
195
279
39
927
993
517
242
629
589
741
483
558
349
538
931
841
192
466
70
523
787
694
966
920
276
303
674
592
45
25
917
113
527
834
132
827
836
252
929
575
256
62
728
135
222
137
282
686
622
702
261
18
759
803
308
164
634
733
883
482
479
994
428
362
724
64
945
851
111
911
738
160
679
856
258
357
660
287
455
240
690
284
363
972
241
333
587
312
797
353
604
202
689
460
500
581
849
390
457
615
491
32
197
754
444
742
314
121
722
563
328
982
245
93
489
183
420
662
257
561
983
897
155
755
534
296
721
921
531
354
400
669
509
764
209
975
775
166
870
262
873
210
459
288
246
480
408
234
717
601
520
737
506
978
128
109
331
340
280
361
464
611
342
707
169
900
445
477
878
307
898
85
853
847
260
156
814
2
783
6
746
131
824
524
915
750
126
804
1000
706
903
145
901
926
704
498
730
293
84
672
191
684
446
910
264
277
795
998
142
98
957
973
923
595
5
468
490
386
305
13
511
23
654
324
874
441
180
321
904
963
739
80
229
908
776
199
971
550
502
964
376
591
79
404
43
75
450
334
270
414
564
244
141
977
566
773
941
630
606
290
263
122
172
31
429
519
999
862
82
541
693
648
315
861
152
335
19
594
33
650
26
902
492
394
968
845
769
473
864
772
371
565
940
9
551
554
100
937
49
396
65
891
401
865
893
763
709
56
105
548
661
73
855
387
204
576
905
544
692
698
431
449
956
930
522
876
959
475
992
7
370
687
830
499
467
89
705
481
867
826
304
30
198
518
237
228
598
644
359
103
101
600
643
4
713
478
448
965
409
379
948
954
610
835
106
799
99
736
322
645
298
791
22
332
653
358
881
76
560
663
243
250
877
273
174
74
249
997
906
569
40
989
809
336
207
907
812
767
816
90
539
194
118
154
55
567
190
884
221
533
269
494
599
235
418
129
798
871
946
508
78
735
986
590
140
632
114
416
837
832
521
656
503
226
947
432
20
933
609
621
699
942
425
625
695
107
46
458
536
811
808
11
748
366
766
374
306
753
537
338
749
165
866
613
389
343
979
605
439
635
501
438
765
493
889
272
665
200
657
47
820
668
127
469
325
231
144
300
170
685
793
840
92
136
310
987
924
203
102
752
177
732
734
952
433
12
839
806
456
495
443
614
53
214
60
268
462
239
571
646
384
988
996
623
301
880
516
167
355
471
869
373
842
320
36
771
848
133
77
647
953
843
792
677
821
424
624
857
697
696
97
161
703
958
452
291
588
892
470
130
41
436
585
774
247
608
487
372
151
782
708
580
216
34
266
934
801
813
411
781
909
894
586
213
171
395
715
377
562
440
711
